dist_code,month,documents_registered_cnt,documents_registered_rev,estamps_challans_cnt,estamps_challans_rev,diff,total,avg_per
21_5,01-04-2020,2,0,0,0,0,0,#DIV/0!
19_4,01-04-2020,1,0,0,0,0,0,#DIV/0!
20_4,01-10-2020,0,0,0,0,0,0,#DIV/0!
14_3,01-10-2020,0,0,0,0,0,0,#DIV/0!
21_5,01-10-2020,0,0,0,0,0,0,#DIV/0!
21_3,01-10-2020,0,0,0,0,0,0,#DIV/0!
17_1,01-10-2020,0,0,0,0,0,0,#DIV/0!
21_6,01-10-2020,0,0,0,0,0,0,#DIV/0!
14_5,01-10-2020,0,0,0,0,0,0,#DIV/0!
19_4,01-10-2020,0,0,0,0,0,0,#DIV/0!
19_2,01-10-2020,0,0,0,0,0,0,#DIV/0!
21_5,01-11-2020,0,0,0,0,0,0,#DIV/0!
21_2,01-11-2020,0,0,0,0,0,0,#DIV/0!
14_3,01-11-2020,0,0,0,0,0,0,#DIV/0!
19_2,01-11-2020,0,0,0,0,0,0,#DIV/0!
14_4,01-11-2020,0,0,0,0,0,0,#DIV/0!
21_6,01-11-2020,0,0,0,0,0,0,#DIV/0!
14_5,01-11-2020,0,0,0,0,0,0,#DIV/0!
23_3,01-11-2020,0,0,0,0,0,0,#DIV/0!
23_1,01-11-2020,0,0,0,0,0,0,#DIV/0!
19_4,01-11-2020,0,0,0,0,0,0,#DIV/0!
17_1,01-11-2020,0,0,0,0,0,0,#DIV/0!
21_3,01-11-2020,0,0,0,0,0,0,#DIV/0!
17_1,01-11-2021,827,26198223,883,68482520,42284297,94680743,72%
14_5,01-12-2022,957,21817533,951,54941667,33124134,76759200,72%
14_5,01-06-2021,773,9847223,807,20747984,10900761,30595207,68%
14_5,01-04-2021,921,10540870,936,20859035,10318165,31399905,66%
17_1,01-07-2021,938,26412445,1009,48418709,22006264,74831154,65%
17_1,01-01-2022,945,33058649,1230,58770482,25711833,91829131,64%
15_3,01-11-2022,1235,43951677,1284,77098216,33146539,121049893,64%
19_3,01-06-2021,749,13915625,1110,23605893,9690268,37521518,63%
15_3,01-08-2021,1334,34284292,1898,55454411,21170119,89738703,62%
21_3,01-12-2020,334,7872988,365,12288108,4415120,20161096,61%
21_5,01-06-2021,693,11010800,912,15853933,4843133,26864733,59%
21_6,01-02-2022,685,7616197,724,10465247,2849050,18081444,58%
14_1,01-06-2021,2509,59654363,2583,81201988,21547625,140856351,58%
19_2,01-02-2022,1345,28738636,1553,38670276,9931640,67408912,57%
21_5,01-12-2020,229,5350370,290,7193178,1842808,12543548,57%
21_3,01-03-2023,1652,34544933,1808,45606428,11061495,80151361,57%
21_3,01-01-2022,1396,34236444,1753,44214497,9978053,78450941,56%
19_1,01-03-2021,1517,24666605,1550,31751084,7084479,56417689,56%
17_3,01-01-2022,3888,82190825,4578,105300788,23109963,187491613,56%
23_3,01-01-2023,4676,155087383,5032,197930372,42842989,353017755,56%
17_1,01-12-2022,1371,49030012,1322,62478201,13448189,111508213,56%
23_1,01-01-2022,4902,121215791,5928,153618985,32403194,274834776,56%
18_2,01-12-2022,1515,40896341,1705,51494193,10597852,92390534,56%
20_2,01-12-2020,344,7789379,416,9773232,1983853,17562611,56%
21_1,01-12-2020,1775,101218608,2174,126286106,25067498,227504714,56%
14_4,01-02-2023,1778,37497938,1776,46746999,9249061,84244937,55%
19_1,01-12-2020,371,12503383,463,15525053,3021670,28028436,55%
19_1,01-01-2022,912,34039364,1106,42235839,8196475,76275203,55%
19_2,01-01-2023,962,21171939,1235,26203997,5032058,47375936,55%
15_2,01-01-2022,15706,2169471006,17268,2665104212,495633206,4834575218,55%
17_3,01-01-2023,3640,68253540,3406,83385619,15132079,151639159,55%
14_3,01-11-2021,2210,31996967,2193,38927199,6930232,70924166,55%
23_2,01-06-2021,2777,45943674,3339,55359358,9415684,101303032,55%
21_2,01-01-2023,765,17404420,864,20959433,3555013,38363853,55%
14_5,01-12-2020,202,1718829,233,2066770,347941,3785599,55%
22_2,01-02-2022,956,22684755,1040,27266010,4581255,49950765,55%
22_2,01-03-2023,1255,18695648,1566,22453502,3757854,41149150,55%
22_2,01-01-2021,803,19858466,1024,23814628,3956162,43673094,55%
18_1,01-12-2020,1463,43642023,1727,52091325,8449302,95733348,54%
21_5,01-06-2022,1746,42562067,2204,50757934,8195867,93320001,54%
19_4,01-05-2022,185,5937385,196,7071065,1133680,13008450,54%
19_2,01-12-2022,1095,24121734,1069,28643040,4521306,52764774,54%
19_1,01-03-2022,1155,37626696,1317,44640572,7013876,82267268,54%
23_3,01-03-2022,6540,220235465,6841,260377026,40141561,480612491,54%
19_2,01-03-2021,1561,21560244,1825,25447309,3887065,47007553,54%
19_3,01-10-2021,944,31341444,1084,36975415,5633971,68316859,54%
18_2,01-01-2022,1915,40479027,2233,47730961,7251934,88209988,54%
17_2,01-12-2020,2877,214132651,3354,251767884,37635233,465900535,54%
17_2,01-06-2021,5522,365428582,5912,429095813,63667231,794524395,54%
23_2,01-04-2022,2817,83175309,2888,97563368,14388059,180738677,54%
21_5,01-01-2021,1477,27949112,1898,32364121,4415009,60313233,54%
15_1,01-12-2020,11189,1792042623,13168,2074270805,282228182,3866313428,54%
23_2,01-12-2020,1154,33456008,1355,38571467,5115459,72027475,54%
21_5,01-01-2022,1397,34297858,1837,39541151,5243293,73839009,54%
18_1,01-01-2022,4977,140585453,5888,161862023,21276570,302447476,54%
20_1,01-12-2020,955,39536355,1082,45437871,5901516,84974226,53%
20_4,01-06-2021,1274,33853944,1480,38808666,4954722,72662610,53%
14_5,01-01-2022,1059,22639595,1166,25929441,3289846,48569036,53%
17_3,01-04-2021,3943,55329837,4448,63340986,8011149,118670823,53%
18_2,01-11-2022,1441,36229953,1648,41366626,5136673,77596579,53%
23_2,01-01-2022,3327,93400275,3828,106625284,13225009,200025559,53%
17_2,01-04-2021,5598,334373836,5929,381192543,46818707,715566379,53%
22_2,01-12-2020,270,11532231,329,13133485,1601254,24665716,53%
17_2,01-07-2022,5406,541290005,6097,615808901,74518896,1157098906,53%
21_1,01-01-2022,4562,232096344,5460,264045590,31949246,496141934,53%
20_1,01-02-2022,2333,86873097,2596,98810495,11937398,185683592,53%
21_1,01-01-2023,3218,171784887,3851,195178409,23393522,366963296,53%
21_2,01-12-2020,292,6098924,280,6923601,824677,13022525,53%
21_2,01-10-2022,657,16078936,674,18223073,2144137,34302009,53%
17_2,01-07-2021,6496,590248802,7688,668815328,78566526,1259064130,53%
21_5,01-11-2021,620,16547173,754,18720698,2173525,35267871,53%
16_1,01-06-2021,4210,674274892,4776,762319760,88044868,1436594652,53%
22_2,01-11-2021,998,24688113,961,27893170,3205057,52581283,53%
21_6,01-08-2021,481,12810142,595,14457244,1647102,27267386,53%
22_1,01-01-2022,4395,194046973,5230,218422134,24375161,412469107,53%
21_6,01-10-2022,566,12575975,629,14154359,1578384,26730334,53%
15_3,01-01-2022,1896,50425061,2092,56742389,6317328,107167450,53%
18_2,01-09-2022,1378,35841685,1509,40324546,4482861,76166231,53%
18_2,01-06-2021,1940,26525454,2169,29840275,3314821,56365729,53%
18_2,01-03-2023,1637,34354361,1809,38612291,4257930,72966652,53%
22_1,01-04-2022,4093,205300353,4323,230412276,25111923,435712629,53%
20_3,01-01-2022,1970,42329849,2241,47503534,5173685,89833383,53%
17_1,01-02-2021,1235,19185834,1434,21496709,2310875,40682543,53%
15_2,01-12-2020,10145,1166982096,11757,1307431183,140449087,2474413279,53%
22_2,01-06-2021,514,14130043,647,15830461,1700418,29960504,53%
21_3,01-06-2021,920,16105494,1033,18038464,1932970,34143958,53%
17_2,01-02-2023,5803,660210895,6101,737968006,77757111,1398178901,53%
22_2,01-10-2021,724,22282163,892,24861508,2579345,47143671,53%
19_1,01-11-2021,1038,27833366,1123,31049706,3216340,58883072,53%
21_2,01-01-2021,950,18594943,1009,20731077,2136134,39326020,53%
19_4,01-12-2020,43,1039265,43,1157235,117970,2196500,53%
17_1,01-10-2021,811,26544033,859,29513478,2969445,56057511,53%
17_2,01-02-2021,6945,444599080,7185,493804570,49205490,938403650,53%
19_3,01-03-2023,2467,48958866,2633,54313485,5354619,103272351,53%
21_2,01-03-2021,1076,16698092,1123,18517366,1819274,35215458,53%
21_1,01-05-2021,635,16859754,576,18688358,1828604,35548112,53%
17_3,01-12-2020,986,27752706,947,30725742,2973036,58478448,53%
20_2,01-01-2022,2003,66055855,2282,73044624,6988769,139100479,53%
23_3,01-06-2021,4484,62799321,4877,69270361,6471040,132069682,52%
18_1,01-06-2021,4124,74337430,5103,81996371,7658941,156333801,52%
20_4,01-05-2022,1177,55319046,1203,61010707,5691661,116329753,52%
23_3,01-01-2021,7142,114656785,7388,126420264,11763479,241077049,52%
20_3,01-05-2021,142,1487250,153,1638261,151011,3125511,52%
15_3,01-06-2021,1140,19334338,1188,21226533,1892195,40560871,52%
19_1,01-08-2021,847,25608861,1014,28090487,2481626,53699348,52%
14_3,01-01-2022,2877,50275984,3197,55146270,4870286,105422254,52%
14_5,01-08-2022,654,13711592,690,15014978,1303386,28726570,52%
14_3,01-04-2022,2308,44535076,2406,48755603,4220527,93290679,52%
23_3,01-05-2022,5752,180066950,6061,197003851,16936901,377070801,52%
23_1,01-07-2021,6327,135986699,6743,148708243,12721544,284694942,52%
19_4,01-06-2021,159,2423000,173,2646000,223000,5069000,52%
14_1,01-01-2022,3788,118531201,3941,129427844,10896643,247959045,52%
19_2,01-07-2022,980,24530135,999,26783971,2253836,51314106,52%
20_1,01-06-2021,2758,66862041,3051,72910750,6048709,139772791,52%
22_1,01-06-2021,4310,115630066,4964,125990133,10360067,241620199,52%
17_2,01-01-2022,6788,686612911,7613,747976314,61363403,1434589225,52%
23_1,01-12-2020,1741,41179158,2087,44821744,3642586,86000902,52%
14_3,01-04-2021,2361,23353518,2493,25409508,2055990,48763026,52%
20_3,01-08-2022,1355,31110454,1412,33796619,2686165,64907073,52%
15_2,01-03-2022,15593,2109865837,16786,2291262222,181396385,4401128059,52%
17_1,01-04-2021,898,18397464,917,19978664,1581200,38376128,52%
14_5,01-02-2023,887,21092647,932,22899250,1806603,43991897,52%
17_2,01-11-2022,5720,703769297,6255,763951173,60181876,1467720470,52%
21_3,01-12-2022,1820,43961291,1814,47717327,3756036,91678618,52%
19_2,01-06-2021,1115,14269120,1194,15483510,1214390,29752630,52%
19_4,01-10-2022,148,4569240,160,4955225,385985,9524465,52%
19_3,01-02-2021,2476,44942116,2796,48731429,3789313,93673545,52%
15_2,01-05-2021,2885,252478745,3101,273491208,21012463,525969953,52%
21_6,01-11-2022,824,19290678,866,20889937,1599259,40180615,52%
19_4,01-12-2022,210,7326433,212,7931923,605490,15258356,52%
19_3,01-12-2020,503,15595943,582,16868604,1272661,32464547,52%
19_4,01-02-2022,176,4595920,194,4968575,372655,9564495,52%
21_2,01-02-2022,527,12515224,578,13525775,1010551,26040999,52%
23_2,01-12-2021,2895,80479329,3235,86968393,6489064,167447722,52%
19_3,01-05-2022,1823,54245955,1909,58602240,4356285,112848195,52%
21_1,01-03-2022,4984,271852015,5441,293546497,21694482,565398512,52%
21_6,01-05-2022,822,15518549,907,16755735,1237186,32274284,52%
14_5,01-05-2022,876,20066197,982,21665246,1599049,41731443,52%
23_2,01-04-2021,2864,45286859,3125,48886580,3599721,94173439,52%
21_6,01-08-2022,1033,22735248,1094,24542032,1806784,47277280,52%
19_3,01-01-2022,2648,67554192,2991,72899647,5345455,140453839,52%
20_2,01-06-2021,1185,25505798,1309,27480640,1974842,52986438,52%
19_4,01-03-2022,334,10078056,384,10844861,766805,20922917,52%
14_2,01-12-2020,500,7741152,581,8329820,588668,16070972,52%
21_2,01-12-2021,648,15184534,707,16336369,1151835,31520903,52%
15_1,01-12-2022,21409,3233570311,22066,3476461573,242891262,6710031884,52%
17_3,01-02-2023,4216,90711898,3441,97516445,6804547,188228343,52%
19_2,01-12-2020,160,2977435,182,3200390,222955,6177825,52%
21_5,01-02-2023,1182,28757826,1281,30907073,2149247,59664899,52%
19_4,01-11-2021,180,4439625,195,4769335,329710,9208960,52%
14_5,01-01-2021,1414,19863923,1502,21335521,1471598,41199444,52%
22_2,01-04-2021,818,12796195,985,13743476,947281,26539671,52%
21_3,01-01-2023,1585,37768747,1672,40560447,2791700,78329194,52%
21_3,01-03-2021,2067,28609497,2129,30719167,2109670,59328664,52%
20_4,01-04-2021,1487,37243838,1611,39987198,2743360,77231036,52%
20_1,01-01-2023,2688,123852408,2993,132934712,9082304,256787120,52%
21_1,01-03-2021,6207,208838865,6613,223960753,15121888,432799618,52%
14_5,01-11-2022,725,13551510,769,14524190,972680,28075700,52%
17_1,01-07-2022,907,42165514,1009,45191997,3026483,87357511,52%
16_1,01-07-2021,6252,1189609992,6891,1274721234,85111242,2464331226,52%
21_5,01-10-2022,956,22685048,1070,24306992,1621944,46992040,52%
14_1,01-12-2020,1232,29263859,1403,31343349,2079490,60607208,52%
15_3,01-01-2023,1118,31875190,1218,34139087,2263897,66014277,52%
18_2,01-12-2020,672,18867107,760,20196835,1329728,39063942,52%
20_4,01-12-2020,288,8571375,325,9173345,601970,17744720,52%
20_4,01-07-2022,907,38040150,951,40699289,2659139,78739439,52%
22_2,01-11-2022,440,20562065,465,21995310,1433245,42557375,52%
20_2,01-10-2022,1461,43140709,1514,46136692,2995983,89277401,52%
15_1,01-06-2021,18333,2077594946,20683,2221325990,143731044,4298920936,52%
15_2,01-06-2021,12698,1212507633,13960,1296136572,83628939,2508644205,52%
17_3,01-10-2021,2780,52619514,3016,56222908,3603394,108842422,52%
17_1,01-03-2023,1320,56504907,1321,60321469,3816562,116826376,52%
19_2,01-07-2021,1181,18777018,1279,20041816,1264798,38818834,52%
22_1,01-12-2020,1630,75497225,1898,80565370,5068145,156062595,52%
21_3,01-11-2022,1602,39413505,1686,42046825,2633320,81460330,52%
17_1,01-08-2022,917,41347505,999,44100333,2752828,85447838,52%
16_1,01-05-2022,5099,1021460609,5693,1087823055,66362446,2109283664,52%
22_1,01-07-2022,2854,140282330,3101,149272574,8990244,289554904,52%
21_3,01-11-2021,838,16587508,916,17645342,1057834,34232850,52%
21_5,01-03-2021,3089,39702418,3140,42205319,2502901,81907737,52%
18_1,01-05-2022,3873,110012852,4025,116946832,6933980,226959684,52%
23_2,01-03-2023,3296,91477690,3490,97232235,5754545,188709925,52%
21_1,01-07-2022,4185,232096281,4566,246642854,14546573,478739135,52%
22_2,01-01-2023,558,24538850,607,26076335,1537485,50615185,52%
14_1,01-12-2021,3192,103687749,3287,110176889,6489140,213864638,52%
19_1,01-06-2021,1088,17827544,2045,18942852,1115308,36770396,52%
20_2,01-01-2023,1692,50644161,1806,53789297,3145136,104433458,52%
22_2,01-12-2021,698,30121238,762,31991198,1869960,62112436,52%
14_1,01-03-2021,3573,71235534,3810,75654410,4418876,146889944,52%
23_2,01-09-2022,2474,70521636,2675,74735751,4214115,145257387,51%
15_3,01-09-2022,1188,37148394,1234,39346836,2198442,76495230,51%
19_4,01-03-2023,208,5760075,219,6095592,335517,11855667,51%
22_1,01-04-2021,4575,119253411,5064,126183886,6930475,245437297,51%
20_4,01-03-2023,1510,54036552,1596,57171081,3134529,111207633,51%
22_2,01-07-2021,730,22337496,831,23630913,1293417,45968409,51%
22_2,01-03-2022,1247,29864010,1502,31592970,1728960,61456980,51%
21_6,01-02-2021,1179,13323411,1293,14086429,763018,27409840,51%
15_3,01-10-2022,920,27892204,955,29487573,1595369,57379777,51%
20_1,01-08-2021,2717,97171177,2884,102690146,5518969,199861323,51%
23_1,01-01-2023,4116,101341119,4337,107080647,5739528,208421766,51%
15_1,01-07-2021,25965,3702422339,28135,3912082631,209660292,7614504970,51%
20_4,01-11-2021,975,43242775,1005,45667490,2424715,88910265,51%
22_2,01-05-2022,580,23083026,603,24358891,1275865,47441917,51%
19_2,01-10-2022,875,20707701,891,21851904,1144203,42559605,51%
21_5,01-12-2022,1336,32110299,1542,33870130,1759831,65980429,51%
15_1,01-01-2022,24420,4073496212,27045,4294273078,220776866,8367769290,51%
14_5,01-06-2022,746,17119079,800,18043300,924221,35162379,51%
20_3,01-05-2022,1625,35583211,1662,37500026,1916815,73083237,51%
20_1,01-12-2021,3131,119363831,3305,125751257,6387426,245115088,51%
23_3,01-08-2022,4784,160480505,4979,169036786,8556281,329517291,51%
23_2,01-01-2023,2930,74447848,3122,78392382,3944534,152840230,51%
21_1,01-06-2021,3600,163961756,4244,172634527,8672771,336596283,51%
17_1,01-05-2022,1087,60215663,1108,63395389,3179726,123611052,51%
20_4,01-02-2022,814,38336268,891,40357221,2020953,78693489,51%
17_2,01-09-2022,5908,769381700,6284,809853521,40471821,1579235221,51%
15_2,01-01-2023,12833,1713130744,13682,1802655144,89524400,3515785888,51%
20_1,01-06-2022,2764,127262109,2920,133907941,6645832,261170050,51%
14_3,01-07-2022,2036,37936678,2185,39913424,1976746,77850102,51%
18_1,01-10-2021,4199,124524036,4368,130966758,6442722,255490794,51%
14_3,01-07-2021,2352,30641439,2470,32201673,1560234,62843112,51%
17_3,01-06-2021,2606,36753643,2941,38608750,1855107,75362393,51%
14_5,01-08-2021,603,12875545,644,13511899,636354,26387444,51%
15_3,01-12-2020,578,8169835,624,8571986,402151,16741821,51%
23_2,01-12-2022,2854,81318532,3068,85311917,3993385,166630449,51%
20_1,01-04-2021,3059,74032962,3205,77657716,3624754,151690678,51%
21_1,01-08-2022,3922,239012238,4465,250566348,11554110,489578586,51%
21_2,01-06-2021,642,11696358,694,12260434,564076,23956792,51%
21_5,01-07-2021,1445,30124782,1826,31574314,1449532,61699096,51%
16_1,01-01-2023,4899,1084721163,5351,1135867189,51146026,2220588352,51%
23_1,01-06-2021,4721,79515393,5143,83238729,3723336,162754122,51%
14_3,01-01-2023,2033,34088377,2172,35680723,1592346,69769100,51%
22_1,01-03-2022,4049,183935849,4326,192511527,8575678,376447376,51%
14_2,01-09-2022,1258,24576566,1309,25707246,1130680,50283812,51%
19_2,01-11-2021,1240,26276603,1396,27483419,1206816,53760022,51%
21_6,01-04-2021,838,10806323,934,11297914,491591,22104237,51%
21_6,01-11-2021,525,9295369,574,9714305,418936,19009674,51%
19_1,01-09-2022,961,31843177,1077,33272956,1429779,65116133,51%
23_1,01-02-2021,6963,108491776,7045,113320097,4828321,221811873,51%
17_2,01-03-2022,7009,769519359,7907,803722274,34202915,1573241633,51%
16_1,01-01-2022,6399,1441794229,7064,1505730143,63935914,2947524372,51%
15_1,01-04-2022,20482,3827108069,21615,3995805965,168697896,7822914034,51%
14_1,01-08-2022,2619,92104718,2723,96154871,4050153,188259589,51%
15_1,01-09-2022,18805,2880499154,19805,3005744029,125244875,5886243183,51%
20_3,01-12-2021,1982,36218391,1954,37787786,1569395,74006177,51%
15_2,01-03-2021,19319,1686890849,20115,1759844910,72954061,3446735759,51%
19_4,01-02-2023,262,7184545,269,7494565,310020,14679110,51%
20_3,01-11-2022,1568,37185140,1568,38783348,1598208,75968488,51%
14_1,01-03-2023,2877,91894125,3017,95840642,3946517,187734767,51%
19_1,01-07-2022,684,21754906,720,22687621,932715,44442527,51%
23_2,01-03-2021,3564,89918145,3756,93771841,3853696,183689986,51%
14_1,01-05-2022,2983,111506589,3112,116263639,4757050,227770228,51%
20_1,01-10-2022,2403,112008092,2476,116760177,4752085,228768269,51%
22_2,01-03-2021,879,17503836,920,18245061,741225,35748897,51%
15_1,01-08-2021,18465,2571595770,20042,2680426002,108830232,5252021772,51%
22_1,01-09-2022,3108,154477928,3240,160942887,6464959,315420815,51%
14_2,01-06-2021,1664,20198618,1712,21039131,840513,41237749,51%
23_3,01-01-2022,7001,192510226,7652,200414542,7904316,392924768,51%
17_3,01-01-2021,3867,44888287,3989,46725414,1837127,91613701,51%
17_1,01-06-2021,836,25002516,984,26019782,1017266,51022298,51%
15_3,01-02-2023,1378,41844930,1427,43546323,1701393,85391253,51%
19_3,01-09-2022,1829,56746850,1712,59051978,2305128,115798828,51%
22_1,01-03-2021,5396,148814056,5721,154833480,6019424,303647536,51%
20_4,01-02-2021,2054,46597190,2248,48476258,1879068,95073448,51%
19_1,01-11-2022,946,33759529,1038,35119462,1359933,68878991,51%
17_2,01-11-2021,5666,671048962,6226,698017526,26968564,1369066488,51%
15_1,01-03-2023,21524,3573491897,23030,3716779175,143287278,7290271072,51%
21_2,01-03-2022,976,22753979,1064,23660304,906325,46414283,51%
14_2,01-03-2023,1607,28900448,1641,30044795,1144347,58945243,51%
22_1,01-01-2023,2864,141968542,3183,147506078,5537536,289474620,51%
14_2,01-01-2021,3346,41289122,3561,42898294,1609172,84187416,51%
20_2,01-06-2022,1515,50572152,1583,52524470,1952318,103096622,51%
14_1,01-10-2021,2700,79052206,2816,82062938,3010732,161115144,51%
21_5,01-05-2022,1353,35282201,1384,36625583,1343382,71907784,51%
17_3,01-09-2022,3072,88961809,3069,92339915,3378106,181301724,51%
15_1,01-03-2022,23614,3560733909,25016,3694327454,133593545,7255061363,51%
20_3,01-06-2021,1924,21477044,2047,22282195,805151,43759239,51%
14_1,01-02-2023,2480,74664336,2532,77460885,2796549,152125221,51%
18_1,01-07-2021,4979,109687322,5839,113775408,4088086,223462730,51%
21_1,01-10-2022,3239,185221811,3517,192096503,6874692,377318314,51%
21_6,01-01-2023,1093,15129967,1153,15687215,557248,30817182,51%
19_3,01-01-2023,2173,52574678,2229,54503596,1928918,107078274,51%
19_3,01-07-2022,1179,41714048,1308,43239921,1525873,84953969,51%
20_2,01-10-2021,1463,49752658,1493,51568617,1815959,101321275,51%
16_1,01-03-2021,6347,887083310,6890,919447441,32364131,1806530751,51%
21_6,01-03-2023,834,20521996,864,21267953,745957,41789949,51%
21_1,01-05-2022,4196,243365485,4448,252150075,8784590,495515560,51%
20_4,01-10-2022,1002,42617639,992,44153763,1536124,86771402,51%
20_1,01-03-2021,3832,88077953,3890,91217145,3139192,179295098,51%
21_1,01-08-2021,4090,202169425,4613,209279113,7109688,411448538,51%
16_1,01-11-2021,5114,1067020226,5672,1104141226,37121000,2171161452,51%
22_2,01-07-2022,472,23931453,478,24760656,829203,48692109,51%
18_2,01-10-2021,1587,35143474,1620,36337889,1194415,71481363,51%
15_3,01-04-2022,1404,35732768,1452,36942980,1210212,72675748,51%
14_2,01-03-2022,1754,36638435,1805,37870009,1231574,74508444,51%
14_2,01-01-2023,1286,30260131,1344,31259755,999624,61519886,51%
21_1,01-11-2021,3144,174374187,3511,180127540,5753353,354501727,51%
17_3,01-08-2022,2761,80566072,2898,83214225,2648153,163780297,51%
18_1,01-01-2023,4076,121234859,4347,125215308,3980449,246450167,51%
15_1,01-08-2022,18330,3165250183,19162,3268908071,103657888,6434158254,51%
17_3,01-07-2021,3780,59350115,3810,61291921,1941806,120642036,51%
21_2,01-06-2022,796,19641045,842,20282784,641739,39923829,51%
20_4,01-01-2022,1304,72953110,1390,75302675,2349565,148255785,51%
19_3,01-12-2022,1648,51556856,1662,53216904,1660048,104773760,51%
14_4,01-01-2023,1584,33370482,1618,34443499,1073017,67813981,51%
15_1,01-04-2021,21898,2018852163,22535,2083518088,64665925,4102370251,51%
22_1,01-10-2022,2636,124582833,2770,128487551,3904718,253070384,51%
17_3,01-02-2022,3339,91021281,3142,93806277,2784996,184827558,51%
16_1,01-03-2022,5768,1169123561,6445,1204838825,35715264,2373962386,51%
19_2,01-06-2022,1321,31686371,1357,32650406,964035,64336777,51%
23_3,01-03-2023,5308,172547389,5606,177729919,5182530,350277308,51%
18_2,01-03-2021,2700,33325709,2830,34320137,994428,67645846,51%
14_1,01-09-2022,2479,78865422,2542,81191094,2325672,160056516,51%
21_2,01-07-2022,791,20401003,831,21001687,600684,41402690,51%
15_1,01-07-2022,18794,2787068800,19878,2868325989,81257189,5655394789,51%
18_1,01-08-2022,3559,127143504,3752,130819001,3675497,257962505,51%
14_5,01-10-2021,695,30798357,744,31681987,883630,62480344,51%
15_1,01-05-2021,4750,396668147,4619,407873854,11205707,804542001,51%
18_1,01-02-2023,3920,122757854,4181,126174222,3416368,248932076,51%
19_3,01-04-2022,2099,56079042,2255,57628834,1549792,113707876,51%
20_4,01-01-2023,1343,48484643,1457,49799397,1314754,98284040,51%
18_2,01-06-2022,1692,43621441,1752,44791520,1170079,88412961,51%
18_1,01-03-2021,6056,116813896,6373,119947201,3133305,236761097,51%
14_5,01-03-2021,1094,12617140,1112,12954135,336995,25571275,51%
22_1,01-01-2021,5518,162226288,5902,166512471,4286183,328738759,51%
20_2,01-03-2022,1816,56853606,1896,58345086,1491480,115198692,51%
14_1,01-01-2023,2326,73940840,2428,75877587,1936747,149818427,51%
23_2,01-03-2022,3199,104303613,3622,106924561,2620948,211228174,51%
15_1,01-11-2022,19783,3003051570,20894,3078030940,74979370,6081082510,51%
23_1,01-03-2023,5806,132022152,5997,135318190,3296038,267340342,51%
15_1,01-01-2021,29331,2927198637,30526,2998803477,71604840,5926002114,51%
17_3,01-10-2022,2725,65936215,2913,67545703,1609488,133481918,51%
21_6,01-07-2022,795,19927185,866,20409998,482813,40337183,51%
19_3,01-06-2022,1943,56935498,1986,58314002,1378504,115249500,51%
23_3,01-04-2021,6310,92841579,6473,95086207,2244628,187927786,51%
19_1,01-10-2022,804,25801418,795,26421001,619583,52222419,51%
23_3,01-12-2020,1891,96353374,2487,98656120,2302746,195009494,51%
17_1,01-11-2022,1049,53149411,1221,54417566,1268155,107566977,51%
14_2,01-07-2022,1314,26238211,1368,26848536,610325,53086747,51%
14_3,01-12-2020,826,11688937,863,11959717,270780,23648654,51%
14_4,01-01-2022,2338,50976287,2465,52110450,1134163,103086737,51%
23_1,01-08-2022,3837,104828788,3892,107144224,2315436,211973012,51%
14_3,01-01-2021,3146,33067131,3223,33781223,714092,66848354,51%
17_3,01-07-2022,4310,77540673,2886,79207847,1667174,156748520,51%
20_3,01-10-2021,1188,21876822,1217,22346034,469212,44222856,51%
22_1,01-03-2023,3413,161103295,3518,164486824,3383529,325590119,51%
16_1,01-10-2021,4802,1067410975,5429,1089718097,22307122,2157129072,51%
23_1,01-11-2022,3842,107944880,3980,110195247,2250367,218140127,51%
14_2,01-08-2022,1225,23707880,1245,24189151,481271,47897031,51%
23_2,01-11-2021,2256,65486984,2403,66807701,1320717,132294685,50%
19_2,01-11-2022,1084,28563022,1115,29132303,569281,57695325,50%
19_2,01-12-2021,1873,40547506,1847,41350121,802615,81897627,50%
21_6,01-07-2021,705,9359180,763,9544185,185005,18903365,50%
15_2,01-07-2022,12736,1724072796,13416,1757943658,33870862,3482016454,50%
14_4,01-08-2022,1368,31720341,1407,32323792,603451,64044133,50%
18_1,01-03-2022,4403,125802861,4665,128191400,2388539,253994261,50%
14_1,01-11-2022,2867,98486139,2990,100294633,1808494,198780772,50%
20_2,01-07-2022,1403,43309810,1442,44095103,785293,87404913,50%
21_3,01-10-2022,1368,33980854,1379,34590659,609805,68571513,50%
20_4,01-02-2023,1319,48693380,1337,49561104,867724,98254484,50%
21_1,01-03-2023,4321,279791569,4642,284765300,4973731,564556869,50%
19_2,01-01-2021,1427,21685795,1504,22071080,385285,43756875,50%
20_3,01-07-2021,1837,25197803,1846,25639313,441510,50837116,50%
22_2,01-09-2022,450,23301088,480,23708403,407315,47009491,50%
23_1,01-03-2022,5272,142261728,5431,144746643,2484915,287008371,50%
23_1,01-12-2021,4643,119571114,4683,121657487,2086373,241228601,50%
23_3,01-07-2021,6733,147871036,7041,150448956,2577920,298319992,50%
14_3,01-03-2021,2700,26281387,2698,26739367,457980,53020754,50%
20_2,01-02-2023,1935,58590128,1954,59608627,1018499,118198755,50%
19_4,01-01-2021,257,4415248,283,4491698,76450,8906946,50%
15_3,01-07-2022,1291,47635696,1333,48449014,813318,96084710,50%
20_2,01-02-2021,2102,41016225,2096,41712838,696613,82729063,50%
14_2,01-04-2022,1530,31200400,1593,31730285,529885,62930685,50%
14_4,01-08-2021,1314,23947508,1406,24354095,406587,48301603,50%
14_3,01-11-2022,2155,43697390,2275,44431440,734050,88128830,50%
17_2,01-10-2021,5494,573226514,5800,582851656,9625142,1156078170,50%
18_1,01-10-2022,3177,103483858,3272,105216212,1732354,208700070,50%
18_2,01-04-2022,1592,40413483,1659,41078977,665494,81492460,50%
21_5,01-11-2022,1002,24809072,1044,25214470,405398,50023542,50%
20_2,01-04-2022,1366,44513775,1399,45240512,726737,89754287,50%
20_4,01-04-2022,1217,52079295,1267,52919850,840555,104999145,50%
14_5,01-12-2021,837,31344341,857,31847116,502775,63191457,50%
21_3,01-06-2022,1446,37973277,1592,38580986,607709,76554263,50%
15_2,01-08-2021,12403,1492750152,13487,1516534407,23784255,3009284559,50%
18_1,01-07-2022,3161,103854975,3305,105456567,1601592,209311542,50%
18_2,01-02-2021,2601,32015829,2613,32500843,485014,64516672,50%
15_2,01-06-2022,13465,1974321140,14032,2003525073,29203933,3977846213,50%
19_2,01-08-2021,918,18067136,946,18329133,261997,36396269,50%
23_1,01-06-2022,4155,116553271,4302,118240960,1687689,234794231,50%
19_1,01-08-2022,619,22973172,648,23303967,330795,46277139,50%
23_3,01-08-2021,4831,163372028,5179,165699671,2327643,329071699,50%
19_1,01-10-2021,1297,53133516,1351,53889596,756080,107023112,50%
14_2,01-08-2021,1218,19959853,1269,20241078,281225,40200931,50%
21_3,01-09-2022,1570,40285886,1645,40852247,566361,81138133,50%
23_1,01-03-2021,6987,122097867,7444,123801118,1703251,245898985,50%
15_2,01-11-2022,14031,1826839377,14831,1852307919,25468542,3679147296,50%
14_4,01-12-2022,1531,32841412,1612,33293028,451616,66134440,50%
14_4,01-04-2021,1935,20806352,2006,21085087,278735,41891439,50%
20_2,01-05-2022,1639,53618990,1680,54330667,711677,107949657,50%
16_1,01-08-2022,5193,1152834266,5723,1168086723,15252457,2320920989,50%
17_2,01-01-2023,5537,661440177,5968,670181601,8741424,1331621778,50%
21_2,01-02-2023,899,21021768,926,21296483,274715,42318251,50%
21_1,01-11-2022,4112,243322137,4536,246494353,3172216,489816490,50%
15_3,01-01-2021,1747,28628045,1792,29000326,372281,57628371,50%
16_1,01-07-2022,5214,1008152412,5610,1020993124,12840712,2029145536,50%
20_3,01-07-2022,1538,36197653,1559,36656253,458600,72853906,50%
21_5,01-02-2022,1212,27972547,1172,28325138,352591,56297685,50%
18_1,01-11-2022,3804,127141742,3976,128740049,1598307,255881791,50%
19_4,01-07-2022,180,5285698,200,5351183,65485,10636881,50%
23_3,01-04-2022,6279,226546587,6536,229338699,2792112,455885286,50%
20_3,01-01-2021,1667,19340158,1700,19576930,236772,38917088,50%
17_2,01-03-2021,7882,597908360,8248,605185751,7277391,1203094111,50%
19_1,01-12-2022,1212,42679882,1271,43190728,510846,85870610,50%
18_1,01-08-2021,4356,117415214,4758,118814225,1399011,236229439,50%
14_4,01-12-2021,1476,32867349,1493,33258428,391079,66125777,50%
21_2,01-08-2021,743,17734120,795,17942328,208208,35676448,50%
21_2,01-11-2021,541,12005752,560,12146441,140689,24152193,50%
14_3,01-12-2022,2197,36811871,2212,37237639,425768,74049510,50%
20_2,01-11-2022,1763,52234818,1772,52835550,600732,105070368,50%
20_1,01-08-2022,2646,134360250,2729,135895649,1535399,270255899,50%
15_1,01-02-2023,19027,2975677528,19878,3009512192,33834664,5985189720,50%
23_3,01-11-2022,5334,166902177,5476,168772405,1870228,335674582,50%
20_4,01-07-2021,1771,46881606,2002,47390191,508585,94271797,50%
20_1,01-07-2022,2625,118665402,2671,119944058,1278656,238609460,50%
16_1,01-11-2022,5292,1208056701,5731,1220973752,12917051,2429030453,50%
14_2,01-01-2022,2215,41168334,2307,41604911,436577,82773245,50%
17_3,01-11-2022,3662,80145147,3612,80989255,844108,161134402,50%
21_3,01-07-2022,1512,34217933,1500,34574800,356867,68792733,50%
22_1,01-08-2022,2859,139266851,3052,140688447,1421596,279955298,50%
14_4,01-11-2022,1515,35171616,1560,35516032,344416,70687648,50%
15_1,01-03-2021,28520,2956838178,29875,2984010113,27171935,5940848291,50%
20_3,01-02-2021,2238,26235213,2227,26474128,238915,52709341,50%
19_1,01-02-2023,1030,40576830,1098,40937396,360566,81514226,50%
14_1,01-08-2021,2411,66454883,2548,67040597,585714,133495480,50%
19_2,01-04-2022,1303,35864652,1347,36164438,299786,72029090,50%
20_1,01-04-2022,2776,135392259,2852,136515526,1123267,271907785,50%
20_4,01-12-2022,1496,57282591,1479,57747406,464815,115029997,50%
14_2,01-12-2021,1585,28565560,1670,28797342,231782,57362902,50%
22_1,01-02-2023,3329,161996191,3538,163300033,1303842,325296224,50%
20_3,01-04-2022,1615,36241329,1659,36531525,290196,72772854,50%
21_2,01-07-2021,773,15157231,861,15276247,119016,30433478,50%
16_1,01-09-2022,5469,1079444350,5842,1087686732,8242382,2167131082,50%
20_2,01-07-2021,1697,39225545,1789,39518482,292937,78744027,50%
19_3,01-04-2021,1408,27409615,1469,27613236,203621,55022851,50%
20_1,01-01-2021,4034,110112162,4156,110928964,816802,221041126,50%
20_2,01-11-2021,1270,36626576,1354,36884199,257623,73510775,50%
15_3,01-06-2022,1500,47477486,1499,47810409,332923,95287895,50%
21_3,01-04-2022,1402,35414340,1456,35650777,236437,71065117,50%
17_1,01-02-2023,1255,57992565,1170,58379617,387052,116372182,50%
19_4,01-07-2021,248,3471375,258,3493455,22080,6964830,50%
15_2,01-09-2022,13038,2083549461,13813,2096442363,12892902,4179991824,50%
23_1,01-07-2022,4354,118724734,4470,119439469,714735,238164203,50%
15_1,01-12-2021,23804,3615678359,24783,3637276396,21598037,7252954755,50%
21_5,01-09-2022,1231,30494050,1269,30675635,181585,61169685,50%
19_4,01-04-2021,225,2735135,218,2751315,16180,5486450,50%
18_1,01-12-2022,4440,145018110,4658,145874652,856542,290892762,50%
14_1,01-01-2021,3954,79370990,4116,79833516,462526,159204506,50%
14_4,01-04-2022,1800,40005628,1840,40225341,219713,80230969,50%
23_3,01-10-2021,4395,166735167,4650,167608146,872979,334343313,50%
21_5,01-12-2021,961,25713764,986,25846134,132370,51559898,50%
17_2,01-04-2022,6628,685690327,6508,689195855,3505528,1374886182,50%
19_4,01-05-2021,48,720178,46,723798,3620,1443976,50%
23_1,01-11-2021,3837,104360769,3914,104877460,516691,209238229,50%
14_2,01-11-2021,1329,21440970,1364,21543338,102368,42984308,50%
16_1,01-03-2023,5706,1839593612,6223,1848245203,8651591,3687838815,50%
16_1,01-02-2023,5215,1111618896,5578,1116823805,5204909,2228442701,50%
21_3,01-08-2022,1504,40086249,1545,40272693,186444,80358942,50%
14_1,01-04-2022,3253,105448377,3285,105928140,479763,211376517,50%
22_1,01-12-2021,3856,163622183,3971,164356449,734266,327978632,50%
19_1,01-01-2023,1050,36387664,1062,36546433,158769,72934097,50%
15_3,01-03-2022,1664,49549636,1691,49760528,210892,99310164,50%
14_2,01-03-2021,2531,26375490,2594,26484729,109239,52860219,50%
18_2,01-08-2022,1348,39243390,1389,39388216,144826,78631606,50%
18_2,01-03-2022,1982,44277767,2048,44434626,156859,88712393,50%
21_6,01-01-2022,1107,24526478,1159,24606912,80434,49133390,50%
14_4,01-12-2020,428,9554012,457,9579862,25850,19133874,50%
19_3,01-12-2021,1972,51517883,1947,51652128,134245,103170011,50%
22_2,01-06-2022,551,30536426,609,30610762,74336,61147188,50%
21_5,01-04-2022,1258,38848963,1358,38941588,92625,77790551,50%
15_1,01-10-2021,19561,2689013140,20785,2695026933,6013793,5384040073,50%
23_3,01-10-2022,4094,124787453,4232,125033422,245969,249820875,50%
20_3,01-02-2023,1740,34638402,1763,34704002,65600,69342404,50%
14_2,01-05-2021,423,5395294,475,5403462,8168,10798756,50%
14_3,01-03-2023,2412,48372295,2475,48439941,67646,96812236,50%
14_4,01-07-2022,1474,37222538,1509,37265917,43379,74488455,50%
14_4,01-05-2022,1705,49330569,1736,49386186,55617,98716755,50%
15_3,01-03-2021,1580,31719544,1620,31749674,30130,63469218,50%
23_2,01-07-2022,2776,78687279,2717,78735343,48064,157422622,50%
17_2,01-05-2022,6185,633377303,6652,633673028,295725,1267050331,50%
20_1,01-03-2022,3329,144081348,3463,144101845,20497,288183193,50%
19_4,01-08-2022,220,7605809,218,7606749,940,15212558,50%
18_2,01-02-2023,1595,37903505,1637,37903955,450,75807460,50%
23_3,01-02-2023,4932,259411612,5061,259392115,-19497,518803727,50%
15_2,01-07-2021,17250,1974813893,18317,1974476551,-337342,3949290444,50%
14_5,01-04-2022,984,23475205,1010,23470165,-5040,46945370,50%
15_3,01-07-2021,1524,32843979,1646,32820156,-23823,65664135,50%
14_2,01-12-2022,1349,26168756,1386,26145714,-23042,52314470,50%
20_3,01-04-2021,1403,16496300,1374,16480338,-15962,32976638,50%
14_4,01-09-2022,1526,31238664,1557,31205059,-33605,62443723,50%
20_2,01-04-2021,1300,25835461,1301,25806876,-28585,51642337,50%
16_1,01-04-2021,4406,682848285,4595,682010609,-837676,1364858894,50%
20_3,01-01-2023,1998,42559764,2021,42506769,-52995,85066533,50%
23_3,01-12-2021,5929,153961808,6095,153765224,-196584,307727032,50%
20_1,01-07-2021,3489,96441709,3621,96311428,-130281,192753137,50%
21_3,01-07-2021,1072,19283392,1082,19257115,-26277,38540507,50%
14_4,01-05-2021,233,3717639,287,3711965,-5674,7429604,50%
22_1,01-07-2021,5374,167129346,5680,166873837,-255509,334003183,50%
20_3,01-03-2022,1845,37753914,1832,37695184,-58730,75449098,50%
22_1,01-02-2021,5630,159732794,5689,159475445,-257349,319208239,50%
19_2,01-01-2022,1819,42181883,1997,42101890,-79993,84283773,50%
16_1,01-06-2022,5581,1098145933,6114,1095798340,-2347593,2193944273,50%
21_1,01-04-2021,4150,141041302,4372,140719627,-321675,281760929,50%
15_1,01-05-2022,20591,3315596443,21722,3307019756,-8576687,6622616199,50%
14_1,01-05-2021,652,18952470,718,18902087,-50383,37854557,50%
20_1,01-02-2023,3031,139773583,3024,139361911,-411672,279135494,50%
23_1,01-02-2023,4227,106442600,4297,106085878,-356722,212528478,50%
21_5,01-03-2022,1548,37974048,1635,37841324,-132724,75815372,50%
14_1,01-04-2021,2784,51136932,2765,50954652,-182280,102091584,50%
14_4,01-06-2022,1452,29412988,1455,29307998,-104990,58720986,50%
21_1,01-07-2021,5000,205332602,5632,204547161,-785441,409879763,50%
23_2,01-11-2022,3120,94142762,3289,93708374,-434388,187851136,50%
14_1,01-06-2022,2552,90044509,2598,89618011,-426498,179662520,50%
20_1,01-11-2022,2807,113953428,2862,113408135,-545293,227361563,50%
20_1,01-11-2021,2386,100625337,2522,100137870,-487467,200763207,50%
19_1,01-01-2021,1952,38551614,1967,38359371,-192243,76910985,50%
14_3,01-10-2022,1882,36974439,1932,36788309,-186130,73762748,50%
15_3,01-11-2021,1271,35073808,1203,34889988,-183820,69963796,50%
20_1,01-02-2021,4423,108104735,4568,107504751,-599984,215609486,50%
22_1,01-06-2022,3947,190749698,4091,189685610,-1064088,380435308,50%
20_1,01-12-2022,3004,142858373,3035,142058913,-799460,284917286,50%
23_3,01-12-2022,5176,167334275,5312,166377762,-956513,333712037,50%
23_2,01-10-2022,2427,71385785,2536,70971902,-413883,142357687,50%
18_1,01-12-2021,4755,131511775,4988,130736443,-775332,262248218,50%
14_2,01-05-2022,1738,30933470,1794,30749220,-184250,61682690,50%
14_4,01-03-2022,2280,45022715,2294,44735926,-286789,89758641,50%
21_6,01-04-2022,684,13520532,687,13433232,-87300,26953764,50%
23_1,01-04-2022,4357,121359247,4476,120554337,-804910,241913584,50%
14_4,01-06-2021,1656,19264341,1760,19135225,-129116,38399566,50%
14_2,01-06-2022,1323,26789974,1333,26610044,-179930,53400018,50%
14_4,01-10-2022,1270,27008600,1277,26823357,-185243,53831957,50%
15_2,01-11-2021,14532,2115731374,15485,2101100602,-14630772,4216831976,50%
23_1,01-05-2022,4332,125675316,4360,124802408,-872908,250477724,50%
14_4,01-10-2021,1382,27753248,1416,27559323,-193925,55312571,50%
14_1,01-03-2022,3699,111740736,3896,110951795,-788941,222692531,50%
17_1,01-12-2020,500,14062784,429,13961250,-101534,28024034,50%
20_3,01-03-2023,2236,48122659,2247,47762729,-359930,95885388,50%
14_1,01-07-2022,2477,85214519,2563,84543841,-670678,169758360,50%
21_1,01-02-2023,3899,216193059,3963,214433314,-1759745,430626373,50%
14_1,01-12-2022,2784,85098197,2880,84393869,-704328,169492066,50%
21_2,01-10-2021,725,15529770,725,15400161,-129609,30929931,50%
21_1,01-12-2021,4299,218032538,4732,216151574,-1880964,434184112,50%
14_4,01-03-2021,2299,25221982,2422,25002780,-219202,50224762,50%
14_4,01-07-2021,1805,23088238,1913,22886646,-201592,45974884,50%
21_6,01-03-2021,935,12748046,946,12633493,-114553,25381539,50%
20_3,01-09-2022,2155,49629053,2122,49178446,-450607,98807499,50%
18_1,01-04-2022,3423,102037591,3492,101095524,-942067,203133115,50%
14_4,01-02-2021,1941,22259156,2016,22051415,-207741,44310571,50%
21_2,01-04-2022,810,23073584,803,22857614,-215970,45931198,50%
16_1,01-10-2022,4778,1094374121,5156,1084103286,-10270835,2178477407,50%
19_4,01-01-2022,393,10153318,402,10057788,-95530,20211106,50%
23_3,01-02-2021,6306,110091375,6484,109054471,-1036904,219145846,50%
20_3,01-11-2021,1121,21606293,1144,21402553,-203740,43008846,50%
20_2,01-03-2023,2067,64203357,2113,63592151,-611206,127795508,50%
20_3,01-08-2021,1468,29893907,1461,29608047,-285860,59501954,50%
17_3,01-06-2022,3641,85919031,3008,85050270,-868761,170969301,50%
15_2,01-03-2023,14960,2205243820,15946,2182774900,-22468920,4388018720,50%
18_2,01-12-2021,1970,49249333,1984,48736391,-512942,97985724,50%
22_1,01-11-2021,3540,158338406,3749,156684882,-1653524,315023288,50%
21_6,01-02-2023,766,16263760,794,16080717,-183043,32344477,50%
14_3,01-05-2022,2175,47900830,2278,47346177,-554653,95247007,50%
19_3,01-08-2022,1680,60029351,1834,59331178,-698173,119360529,50%
21_1,01-10-2021,3492,214491909,3760,211963276,-2528633,426455185,50%
15_3,01-08-2022,1038,30174684,1091,29815444,-359240,59990128,50%
21_6,01-06-2021,563,7522650,587,7432563,-90087,14955213,50%
20_3,01-10-2022,1457,33213252,1449,32811948,-401304,66025200,50%
20_4,01-11-2022,1284,55755488,1310,55053518,-701970,110809006,50%
23_1,01-12-2022,4434,114308244,4361,112865647,-1442597,227173891,50%
20_4,01-08-2021,1252,49098127,1297,48473037,-625090,97571164,50%
21_3,01-05-2022,1665,48228858,1716,47587612,-641246,95816470,50%
15_2,01-12-2021,17138,2212551723,17652,2183038596,-29513127,4395590319,50%
15_2,01-10-2022,11599,1749174335,12086,1725641810,-23532525,3474816145,50%
14_4,01-01-2021,2318,27666804,2461,27289704,-377100,54956508,50%
20_2,01-09-2022,1601,50871116,1579,50155036,-716080,101026152,50%
14_2,01-10-2022,1099,28122749,1130,27719018,-403731,55841767,50%
21_5,01-08-2021,1419,29554141,1431,29128733,-425408,58682874,50%
22_1,01-08-2021,4162,163737361,4307,161366554,-2370807,325103915,50%
20_2,01-01-2021,1828,33896496,1881,33398373,-498123,67294869,50%
18_1,01-02-2021,7167,117576137,7106,115846156,-1729981,233422293,50%
18_2,01-08-2021,1697,35489556,1827,34963355,-526201,70452911,50%
18_1,01-01-2021,7154,146747246,7515,144547418,-2199828,291294664,50%
15_2,01-12-2022,14856,2334567346,15549,2297583064,-36984282,4632150410,50%
23_1,01-10-2022,3361,100036661,3429,98427398,-1609263,198464059,50%
21_6,01-12-2021,1045,22083926,1046,21728281,-355645,43812207,50%
15_1,01-11-2021,20712,3508006943,21708,3451237270,-56769673,6959244213,50%
15_3,01-12-2021,1699,48997569,1590,48179813,-817756,97177382,50%
14_5,01-10-2022,612,15011952,642,14760946,-251006,29772898,50%
14_2,01-02-2023,1258,26321587,1286,25878004,-443583,52199591,50%
15_1,01-02-2021,25991,2642344782,26731,2597611681,-44733101,5239956463,50%
21_2,01-08-2022,729,21221709,785,20858235,-363474,42079944,50%
23_3,01-07-2022,5079,176853882,5334,173818740,-3035142,350672622,50%
20_4,01-03-2022,1635,69075770,1682,67889754,-1186016,136965524,50%
20_2,01-12-2022,2037,64542761,2014,63434536,-1108225,127977297,50%
17_1,01-01-2021,1393,46369648,1452,45564560,-805088,91934208,50%
19_1,01-07-2021,954,24147947,1557,23725423,-422524,47873370,50%
23_1,01-01-2021,8549,129561395,8701,127273791,-2287604,256835186,50%
22_1,01-11-2022,3375,172121398,3491,169028940,-3092458,341150338,50%
14_2,01-04-2021,2143,24154048,2130,23717258,-436790,47871306,50%
19_1,01-06-2022,893,33061858,908,32457758,-604100,65519616,50%
18_2,01-01-2021,2571,36514888,2718,35840670,-674218,72355558,50%
20_4,01-01-2021,1540,35298150,1526,34635106,-663044,69933256,50%
15_1,01-01-2023,17671,2968698366,19201,2911793905,-56904461,5880492271,50%
17_1,01-09-2022,1262,54338851,1266,53296490,-1042361,107635341,50%
18_2,01-07-2022,1568,39274205,1553,38517549,-756656,77791754,50%
14_3,01-08-2021,1879,32000265,1982,31374981,-625284,63375246,50%
14_4,01-02-2022,1576,31646259,1641,31026244,-620015,62672503,50%
16_1,01-12-2022,5898,1355787536,6308,1329150331,-26637205,2684937867,50%
22_1,01-12-2022,3528,165181429,3528,161886885,-3294544,327068314,49%
17_2,01-02-2022,6497,710409599,6523,695995363,-14414236,1406404962,49%
14_5,01-09-2022,782,19708896,800,19295401,-413495,39004297,49%
15_2,01-02-2021,18510,1629806056,18711,1595214532,-34591524,3225020588,49%
19_1,01-03-2023,1388,45439848,1407,44472607,-967241,89912455,49%
15_2,01-10-2021,13212,1678856481,13894,1642644403,-36212078,3321500884,49%
17_3,01-04-2022,3421,92665068,3303,90629017,-2036051,183294085,49%
23_1,01-04-2021,5901,96865061,5915,94722515,-2142546,191587576,49%
21_3,01-08-2021,861,19007378,894,18586944,-420434,37594322,49%
23_1,01-09-2022,4260,121333083,4299,118647525,-2685558,239980608,49%
17_3,01-11-2021,3140,66192075,3125,64726460,-1465615,130918535,49%
17_3,01-08-2021,2618,46892825,2579,45848925,-1043900,92741750,49%
21_6,01-06-2022,964,17801739,956,17398343,-403396,35200082,49%
15_2,01-08-2022,13231,2042609039,13836,1996055423,-46553616,4038664462,49%
19_2,01-03-2023,1361,42966869,1378,41977010,-989859,84943879,49%
14_3,01-09-2022,2341,47520510,2421,46425308,-1095202,93945818,49%
18_2,01-05-2022,1596,37513866,1587,36639493,-874373,74153359,49%
18_2,01-04-2021,2092,26448596,2110,25816135,-632461,52264731,49%
20_4,01-08-2022,981,43236533,1001,42184867,-1051666,85421400,49%
19_2,01-05-2022,1326,29781771,1309,29056396,-725375,58838167,49%
14_3,01-08-2022,1998,39184503,1989,38221212,-963291,77405715,49%
16_1,01-12-2020,2997,665356234,3121,648963721,-16392513,1314319955,49%
21_5,01-01-2023,1342,32693841,1324,31873632,-820209,64567473,49%
20_2,01-08-2021,1440,39375784,1510,38376257,-999527,77752041,49%
17_2,01-01-2021,8148,590462146,8318,575419839,-15042307,1165881985,49%
20_2,01-03-2021,2032,39405081,2075,38401196,-1003885,77806277,49%
18_2,01-07-2021,2315,42131544,2484,41047678,-1083866,83179222,49%
15_3,01-03-2023,1520,48535604,1544,47283515,-1252089,95819119,49%
14_2,01-10-2021,1397,24786547,1439,24145791,-640756,48932338,49%
17_1,01-08-2021,696,26867814,721,26172990,-694824,53040804,49%
14_3,01-02-2023,2103,36437634,2066,35458677,-978957,71896311,49%
16_1,01-04-2022,4771,1211822842,5070,1178763492,-33059350,2390586334,49%
14_3,01-03-2022,2595,50501834,2593,49114636,-1387198,99616470,49%
14_2,01-11-2022,1329,25749056,1356,25037646,-711410,50786702,49%
20_1,01-09-2022,2927,141616320,2968,137701716,-3914604,279318036,49%
22_2,01-10-2022,466,23380209,484,22733474,-646735,46113683,49%
20_3,01-06-2022,1294,28917193,1280,28108723,-808470,57025916,49%
19_3,01-03-2022,2020,54835460,2082,53289363,-1546097,108124823,49%
16_1,01-01-2021,6473,934665789,6803,908230432,-26435357,1842896221,49%
16_1,01-12-2021,6405,1318851223,6892,1281279530,-37571693,2600130753,49%
19_3,01-11-2022,1784,63735004,1850,61917709,-1817295,125652713,49%
23_2,01-08-2021,3061,80529989,3149,78220990,-2308999,158750979,49%
21_1,01-09-2022,4268,239074293,4488,232183529,-6890764,471257822,49%
21_2,01-05-2022,795,22950907,866,22284377,-666530,45235284,49%
15_3,01-05-2022,1460,48940065,1513,47492587,-1447478,96432652,49%
18_1,01-06-2022,3965,119484825,3951,115946663,-3538162,235431488,49%
23_2,01-01-2021,4993,85323706,5017,82778338,-2545368,168102044,49%
21_2,01-09-2022,874,21435284,864,20791822,-643462,42227106,49%
21_5,01-03-2023,1484,34154402,1499,33128850,-1025552,67283252,49%
15_2,01-04-2022,14700,2247203989,15466,2179535206,-67668783,4426739195,49%
14_1,01-11-2021,2527,79043084,2610,76616047,-2427037,155659131,49%
20_4,01-03-2021,2522,53764905,2393,52096800,-1668105,105861705,49%
21_3,01-02-2021,1649,26715409,1679,25858843,-856566,52574252,49%
21_1,01-06-2022,3897,236917721,4288,229301303,-7616418,466219024,49%
18_1,01-04-2021,4054,68844805,4121,66604950,-2239855,135449755,49%
14_5,01-03-2023,980,23898383,1026,23106330,-792053,47004713,49%
14_3,01-06-2021,2104,22910805,2237,22144487,-766318,45055292,49%
23_3,01-02-2022,5370,161878005,5376,156411004,-5467001,318289009,49%
17_3,01-02-2021,3383,67500024,3340,65177851,-2322173,132677875,49%
23_2,01-08-2022,2330,78378002,2422,75675434,-2702568,154053436,49%
23_1,01-10-2021,4500,119963039,4525,115813911,-4149128,235776950,49%
20_3,01-03-2021,2277,26378069,2234,25457866,-920203,51835935,49%
17_2,01-12-2021,7192,880575591,7596,849615176,-30960415,1730190767,49%
23_2,01-10-2021,2427,72909289,2589,70342678,-2566611,143251967,49%
14_4,01-11-2021,1287,27596461,1316,26624927,-971534,54221388,49%
14_1,01-02-2021,3310,71273670,3378,68717372,-2556298,139991042,49%
21_3,01-04-2021,1178,19237074,1224,18540114,-696960,37777188,49%
19_3,01-10-2022,1263,47960456,1333,46193479,-1766977,94153935,49%
15_2,01-02-2023,12810,1916206633,13465,1845582136,-70624497,3761788769,49%
20_2,01-05-2021,244,4743434,246,4568479,-174955,9311913,49%
19_3,01-01-2021,2082,44855428,2139,43192088,-1663340,88047516,49%
14_5,01-03-2022,951,19924894,965,19183620,-741274,39108514,49%
20_1,01-10-2021,2815,110778010,2818,106623255,-4154755,217401265,49%
20_4,01-12-2021,1361,55446849,1379,53328909,-2117940,108775758,49%
17_2,01-08-2022,5486,629422943,5551,605212052,-24210891,1234634995,49%
19_3,01-11-2021,1341,52011274,1394,49958633,-2052641,101969907,49%
20_4,01-10-2021,1091,43566119,1172,41833639,-1732480,85399758,49%
22_2,01-01-2022,1068,32400076,1314,31103873,-1296203,63503949,49%
20_3,01-12-2020,317,4014287,313,3852147,-162140,7866434,49%
19_4,01-08-2021,152,3689413,145,3539843,-149570,7229256,49%
15_3,01-02-2021,1437,20751052,1483,19907195,-843857,40658247,49%
20_2,01-12-2021,1724,50518882,1707,48460675,-2058207,98979557,49%
21_2,01-12-2022,887,20785376,890,19938358,-847018,40723734,49%
21_3,01-12-2021,1169,27514562,1142,26379563,-1134999,53894125,49%
19_1,01-12-2021,1485,40220723,1535,38525942,-1694781,78746665,49%
18_1,01-09-2022,3831,128996874,3944,123526578,-5470296,252523452,49%
19_3,01-07-2021,1430,35496990,1490,33985799,-1511191,69482789,49%
19_4,01-02-2021,206,3473879,216,3324890,-148989,6798769,49%
20_3,01-12-2022,1856,39239087,1842,37552767,-1686320,76791854,49%
15_1,01-06-2022,19902,3189161131,20747,3052058286,-137102845,6241219417,49%
14_2,01-02-2022,1258,24239635,1301,23196859,-1042776,47436494,49%
15_1,01-10-2022,16350,2778577494,17170,2658917737,-119659757,5437495231,49%
16_1,01-02-2022,4957,1019440778,5451,975133672,-44307106,1994574450,49%
18_1,01-11-2021,4057,118192065,4335,113029788,-5162277,231221853,49%
23_3,01-03-2021,7395,123865951,7713,118387423,-5478528,242253374,49%
14_5,01-11-2021,735,13091576,746,12507056,-584520,25598632,49%
17_2,01-06-2022,5907,678801375,6110,648241383,-30559992,1327042758,49%
21_6,01-12-2020,127,3456418,146,3297808,-158610,6754226,49%
18_1,01-03-2023,4435,130499913,4517,124441269,-6058644,254941182,49%
21_6,01-01-2021,810,9883449,898,9423286,-460163,19306735,49%
20_1,01-03-2023,3191,134212334,3142,127938132,-6274202,262150466,49%
17_1,01-03-2022,1212,68223391,1262,65025105,-3198286,133248496,49%
20_4,01-09-2022,1150,52495487,1200,50024652,-2470835,102520139,49%
17_3,01-12-2021,4030,121626897,3939,115877153,-5749744,237504050,49%
19_3,01-08-2021,1840,35877229,2068,34150458,-1726771,70027687,49%
21_1,01-04-2022,4459,259104526,4787,246524662,-12579864,505629188,49%
21_1,01-02-2021,6344,232297899,6436,220605678,-11692221,452903577,49%
19_3,01-02-2023,2457,58357077,2536,55413849,-2943228,113770926,49%
17_2,01-12-2022,6473,801243285,6623,760514938,-40728347,1561758223,49%
20_1,01-01-2022,3637,145167467,3674,137772320,-7395147,282939787,49%
19_4,01-11-2022,180,5833743,173,5529343,-304400,11363086,49%
20_2,01-08-2022,1520,52656759,1512,49874381,-2782378,102531140,49%
21_3,01-03-2022,1687,43125792,1725,40827202,-2298590,83952994,49%
17_1,01-10-2022,920,53473383,880,50598530,-2874853,104071913,49%
17_3,01-03-2021,3369,44438539,3446,42040655,-2397884,86479194,49%
23_3,01-09-2022,4949,154515218,5131,146150765,-8364453,300665983,49%
23_2,01-07-2021,3969,80718337,4042,76322991,-4395346,157041328,49%
17_1,01-06-2022,1027,64355919,1086,60849069,-3506850,125204988,49%
21_1,01-12-2022,4610,271354580,4616,256520194,-14834386,527874774,49%
16_1,01-08-2021,4890,934405550,5266,882327191,-52078359,1816732741,49%
15_3,01-04-2021,1287,17759965,1313,16762616,-997349,34522581,49%
16_1,01-02-2021,6584,962450342,6668,907763211,-54687131,1870213553,49%
19_2,01-04-2021,1278,17376631,1212,16376752,-999879,33753383,49%
17_3,01-05-2022,3118,73149482,3175,68930568,-4218914,142080050,49%
14_1,01-10-2022,2331,78745780,2406,74192139,-4553641,152937919,49%
21_6,01-03-2022,981,25435396,1027,23961592,-1473804,49396988,49%
14_3,01-10-2021,1999,42083801,2135,39644136,-2439665,81727937,49%
20_1,01-05-2022,2837,126494603,2775,119127173,-7367430,245621776,49%
19_3,01-03-2021,1819,34071354,1660,32086904,-1984450,66158258,49%
15_2,01-02-2022,13665,1776413066,14032,1672580822,-103832244,3448993888,48%
15_2,01-01-2021,20781,1925802906,20610,1812802185,-113000721,3738605091,48%
14_5,01-02-2022,696,15145845,695,14253893,-891952,29399738,48%
19_2,01-08-2022,1017,27530795,1091,25892243,-1638552,53423038,48%
14_3,01-02-2021,2551,28537659,2585,26827361,-1710298,55365020,48%
14_3,01-06-2022,2125,47414452,2196,44544904,-2869548,91959356,48%
21_3,01-10-2021,910,22237418,973,20877348,-1360070,43114766,48%
15_2,01-04-2021,13208,1205452291,13570,1131522509,-73929782,2336974800,48%
14_2,01-07-2021,1749,26128675,1816,24517437,-1611238,50646112,48%
19_4,01-12-2021,277,9699955,255,9090440,-609515,18790395,48%
23_1,01-08-2021,4721,136671501,4820,127952309,-8719192,264623810,48%
20_4,01-06-2022,1132,62359926,1141,58337923,-4022003,120697849,48%
22_2,01-08-2021,955,22741421,984,21271566,-1469855,44012987,48%
19_4,01-03-2021,232,3533582,221,3298302,-235280,6831884,48%
21_1,01-01-2021,5773,237398313,5969,220593379,-16804934,457991692,48%
22_1,01-10-2021,4063,160562243,3964,148888680,-11673563,309450923,48%
19_3,01-02-2022,1947,58674988,1879,54350793,-4324195,113025781,48%
23_2,01-06-2022,3160,97082946,3217,89855406,-7227540,186938352,48%
17_3,01-12-2022,4580,96346583,3825,89172598,-7173985,185519181,48%
21_2,01-01-2022,1169,32057800,1182,29632083,-2425717,61689883,48%
14_2,01-02-2021,2537,29901052,2563,27635480,-2265572,57536532,48%
18_1,01-05-2021,1115,23028397,1132,21282193,-1746204,44310590,48%
19_2,01-10-2021,1855,37090378,1822,34275814,-2814564,71366192,48%
22_2,01-08-2022,390,18804464,384,17356516,-1447948,36160980,48%
23_2,01-02-2021,3863,64695115,3876,59691195,-5003920,124386310,48%
19_1,01-02-2021,1386,24286523,1411,22399667,-1886856,46686190,48%
23_2,01-02-2022,2880,86450101,2596,79605540,-6844561,166055641,48%
19_2,01-02-2021,1350,18523187,1343,17029208,-1493979,35552395,48%
14_5,01-07-2022,770,20197334,726,18560619,-1636715,38757953,48%
19_4,01-04-2022,328,8021719,287,7365569,-656150,15387288,48%
19_2,01-02-2023,1539,31026011,1451,28481479,-2544532,59507490,48%
19_1,01-05-2021,284,5482999,239,5026531,-456468,10509530,48%
22_1,01-05-2022,4129,214616691,4346,196522209,-18094482,411138900,48%
17_3,01-03-2023,5101,107437340,4753,98149368,-9287972,205586708,48%
19_2,01-09-2022,951,20632662,913,18841874,-1790788,39474536,48%
21_6,01-10-2021,750,15757687,757,14385239,-1372448,30142926,48%
21_2,01-11-2022,851,24792956,897,22624725,-2168231,47417681,48%
21_6,01-09-2022,1012,23384569,934,21235361,-2149208,44619930,48%
23_2,01-02-2023,3314,94720880,3220,85806241,-8914639,180527121,48%
14_3,01-12-2021,3089,52192716,3219,47202507,-4990209,99395223,47%
18_2,01-11-2021,1532,34130107,1595,30866530,-3263577,64996637,47%
23_1,01-05-2021,1334,22656148,1274,20381319,-2274829,43037467,47%
14_3,01-02-2022,1894,35847907,1869,32213565,-3634342,68061472,47%
19_4,01-01-2023,237,6899881,235,6191601,-708280,13091482,47%
21_2,01-04-2021,891,15607625,912,13998410,-1609215,29606035,47%
21_5,01-08-2022,1248,31801448,1250,28433106,-3368342,60234554,47%
16_1,01-05-2021,1074,147110463,1038,131457662,-15652801,278568125,47%
17_2,01-10-2022,5366,669688088,5194,597593001,-72095087,1267281089,47%
15_1,01-02-2022,19924,3651414062,20412,3255572073,-395841989,6906986135,47%
18_2,01-05-2021,333,4934615,325,4392132,-542483,9326747,47%
22_2,01-12-2022,528,25594836,550,22667405,-2927431,48262241,47%
21_6,01-12-2022,1103,21027052,1091,18590638,-2436414,39617690,47%
17_2,01-08-2021,5741,651691746,5845,575969565,-75722181,1227661311,47%
19_4,01-09-2022,179,4684115,171,4139547,-544568,8823662,47%
15_3,01-05-2021,353,6225242,332,5497733,-727509,11722975,47%
18_2,01-02-2022,1717,41139915,1667,36301798,-4838117,77441713,47%
21_5,01-05-2021,366,5058509,297,4463020,-595489,9521529,47%
21_3,01-01-2021,1444,30147574,1549,26590807,-3556767,56738381,47%
23_2,01-05-2022,3163,110333900,3225,97243142,-13090758,207577042,47%
19_4,01-06-2022,169,6122944,157,5393250,-729694,11516194,47%
22_2,01-02-2023,462,24758816,463,21797881,-2960935,46556697,47%
21_3,01-02-2022,1536,39745172,1390,34906794,-4838378,74651966,47%
19_2,01-05-2021,396,5294856,366,4615699,-679157,9910555,47%
20_4,01-05-2021,387,10313321,361,8984989,-1328332,19298310,47%
22_2,01-02-2021,1028,23092812,930,20093919,-2998893,43186731,47%
21_2,01-02-2021,900,15494825,891,13478757,-2016068,28973582,47%
21_5,01-10-2021,986,21226242,943,18441385,-2784857,39667627,46%
19_1,01-05-2022,763,34705198,808,30146408,-4558790,64851606,46%
14_5,01-02-2021,1079,14663381,1043,12734876,-1928505,27398257,46%
23_3,01-05-2021,2039,38327504,1995,33281833,-5045671,71609337,46%
17_2,01-03-2023,7299,838884926,7004,727411843,-111473083,1566296769,46%
21_5,01-02-2021,2039,35977404,1978,31061987,-4915417,67039391,46%
21_2,01-03-2023,1020,23471104,1016,20237995,-3233109,43709099,46%
14_1,01-02-2022,2841,102687336,2931,88469993,-14217343,191157329,46%
20_2,01-02-2022,1556,46134368,1445,39661362,-6473006,85795730,46%
18_2,01-10-2022,1232,29779245,1164,25421908,-4357337,55201153,46%
21_3,01-05-2021,189,2806900,162,2385470,-421430,5192370,46%
20_3,01-02-2022,1583,37596254,1520,31933233,-5663021,69529487,46%
15_3,01-02-2022,1278,39164928,1260,33263794,-5901134,72428722,46%
22_1,01-02-2022,3795,165983684,3614,140770913,-25212771,306754597,46%
21_1,01-02-2022,4261,237596797,4122,201110125,-36486672,438706922,46%
14_3,01-05-2021,709,5954941,624,4996377,-958564,10951318,46%
21_2,01-05-2021,250,3914733,215,3279027,-635706,7193760,46%
17_3,01-03-2022,4083,106225873,4205,88913539,-17312334,195139412,46%
18_1,01-02-2022,4032,117127388,3664,97950435,-19176953,215077823,46%
15_2,01-05-2022,14184,2226604850,14776,1856136612,-370468238,4082741462,45%
22_1,01-05-2021,2072,51282739,1664,42575293,-8707446,93858032,45%
15_3,01-10-2021,1393,39568722,1273,32828538,-6740184,72397260,45%
17_1,01-05-2021,258,6853638,236,5672243,-1181395,12525881,45%
14_4,01-03-2023,1833,52326513,1898,43244413,-9082100,95570926,45%
19_1,01-02-2022,1012,36168146,994,29696344,-6471802,65864490,45%
14_1,01-07-2021,2997,103057135,3165,83807604,-19249531,186864739,45%
21_5,01-04-2021,1038,18044597,1094,14657501,-3387096,32702098,45%
17_2,01-05-2021,1761,111249215,2466,89184701,-22064514,200433916,44%
17_1,01-01-2023,1246,55241470,1408,44175642,-11065828,99417112,44%
17_3,01-05-2021,1289,16026009,985,12804207,-3221802,28830216,44%
17_1,01-12-2021,1101,104759473,1037,83598913,-21160560,188358386,44%
21_5,01-07-2022,2074,47272385,1692,37443717,-9828668,84716102,44%
21_3,01-02-2023,1599,47850586,1594,37729311,-10121275,85579897,44%
22_2,01-04-2022,1079,35456569,657,27823990,-7632579,63280559,44%
19_1,01-04-2022,762,27857363,727,21849707,-6007656,49707070,44%
23_3,01-06-2022,5721,222947172,5856,174685831,-48261341,397633003,44%
18_2,01-01-2023,1933,56557929,1824,43654914,-12903015,100212843,44%
23_1,01-02-2022,4724,136999151,4196,105561293,-31437858,242560444,44%
17_1,01-02-2022,1056,65699784,988,50614845,-15084939,116314629,44%
23_2,01-05-2021,1083,21806323,978,16786860,-5019463,38593183,43%
19_1,01-04-2021,959,21996377,1056,16773745,-5222632,38770122,43%
19_2,01-03-2022,1705,46737242,1544,35149635,-11587607,81886877,43%
23_3,01-11-2021,5347,219058139,5548,164236595,-54821544,383294734,43%
22_2,01-05-2021,467,7491966,343,5194282,-2297684,12686248,41%
19_3,01-05-2021,465,9010112,333,5774866,-3235246,14784978,39%
17_1,01-04-2022,1000,106685105,1059,66609161,-40075944,173294266,38%
21_6,01-05-2021,161,2048729,94,1263297,-785432,3312026,38%
17_1,01-03-2021,1375,38983568,1346,23454589,-15528979,62438157,38%
19_4,01-10-2021,129,9019730,146,5409305,-3610425,14429035,37%
20_1,01-05-2021,893,27258144,598,15656499,-11601645,42914643,36%
14_5,01-07-2021,834,22507198,915,12356449,-10150749,34863647,35%
15_3,01-12-2022,1321,72749213,1353,37351018,-35398195,110100231,34%
14_5,01-01-2023,784,50514172,818,16939177,-33574995,67453349,25%
14_5,01-05-2021,220,13008376,224,2413041,-10595335,15421417,16%
21_2,01-10-2020,1,1100,0,0,-1100,1100,0%
14_2,01-10-2020,1,1100,0,0,-1100,1100,0%
23_3,01-10-2020,1,1100,0,0,-1100,1100,0%
14_2,01-11-2020,1,1100,0,0,-1100,1100,0%
19_1,01-11-2020,1,1100,0,0,-1100,1100,0%
14_4,01-10-2020,1,1105,0,0,-1105,1105,0%
18_2,01-10-2020,2,2200,0,0,-2200,2200,0%
19_1,01-10-2020,2,2200,0,0,-2200,2200,0%
18_2,01-11-2020,2,2200,0,0,-2200,2200,0%
20_4,01-11-2020,2,2200,0,0,-2200,2200,0%
20_3,01-11-2020,2,2200,0,0,-2200,2200,0%
19_3,01-11-2020,2,3040,0,0,-3040,3040,0%
19_3,01-10-2020,3,3060,0,0,-3060,3060,0%
17_3,01-11-2020,3,3200,0,0,-3200,3200,0%
15_3,01-10-2020,3,3300,0,0,-3300,3300,0%
17_2,01-11-2020,3,3300,0,0,-3300,3300,0%
20_3,01-10-2020,4,4400,0,0,-4400,4400,0%
17_3,01-10-2020,4,4400,0,0,-4400,4400,0%
14_1,01-10-2020,4,4400,0,0,-4400,4400,0%
15_3,01-11-2020,4,4520,0,0,-4520,4520,0%
18_1,01-10-2020,5,5500,0,0,-5500,5500,0%
23_2,01-10-2020,5,5500,0,0,-5500,5500,0%
23_2,01-11-2020,5,5505,0,0,-5505,5505,0%
17_2,01-10-2020,5,5700,0,0,-5700,5700,0%
14_1,01-11-2020,3,6460,0,0,-6460,6460,0%
20_2,01-11-2020,5,7500,0,0,-7500,7500,0%
23_1,01-10-2020,8,8800,0,0,-8800,8800,0%
20_1,01-11-2020,8,8800,0,0,-8800,8800,0%
18_1,01-11-2020,8,8800,0,0,-8800,8800,0%
22_2,01-11-2020,10,12000,0,0,-12000,12000,0%
20_2,01-10-2020,11,12100,0,0,-12100,12100,0%
18_2,01-04-2020,21,14090,0,0,-14090,14090,0%
22_1,01-11-2020,13,15300,0,0,-15300,15300,0%
20_1,01-10-2020,13,15400,0,0,-15400,15400,0%
21_1,01-11-2020,17,18700,0,0,-18700,18700,0%
22_2,01-10-2020,19,20900,0,0,-20900,20900,0%
21_1,01-10-2020,23,25440,0,0,-25440,25440,0%
22_1,01-10-2020,26,29700,0,0,-29700,29700,0%
14_2,01-04-2020,4,30615,0,0,-30615,30615,0%
15_1,01-11-2020,30,33000,0,0,-33000,33000,0%
15_2,01-11-2020,70,77000,0,0,-77000,77000,0%
15_2,01-10-2020,73,80300,0,0,-80300,80300,0%
15_1,01-10-2020,77,84800,0,0,-84800,84800,0%
16_1,01-11-2020,88,100800,0,0,-100800,100800,0%
19_1,01-04-2020,9,107295,0,0,-107295,107295,0%
17_3,01-04-2020,78,143310,0,0,-143310,143310,0%
19_3,01-04-2020,7,186260,0,0,-186260,186260,0%
20_3,01-04-2020,126,187510,0,0,-187510,187510,0%
16_1,01-10-2020,189,215210,0,0,-215210,215210,0%
21_6,01-04-2020,33,246120,0,0,-246120,246120,0%
21_3,01-04-2020,27,259770,0,0,-259770,259770,0%
19_2,01-04-2020,23,373625,0,0,-373625,373625,0%
14_5,01-04-2020,55,448760,0,0,-448760,448760,0%
19_4,01-09-2020,59,471595,0,0,-471595,471595,0%
23_3,01-04-2020,44,599955,0,0,-599955,599955,0%
15_3,01-04-2020,157,645215,0,0,-645215,645215,0%
21_2,01-04-2020,33,711680,0,0,-711680,711680,0%
22_2,01-04-2020,18,719375,0,0,-719375,719375,0%
17_1,01-04-2020,84,745700,0,0,-745700,745700,0%
22_1,01-04-2020,419,868795,0,0,-868795,868795,0%
18_1,01-04-2020,507,1083955,0,0,-1083955,1083955,0%
20_2,01-04-2020,158,1151995,0,0,-1151995,1151995,0%
20_4,01-04-2020,46,1237635,0,0,-1237635,1237635,0%
14_4,01-09-2020,404,1399025,0,0,-1399025,1399025,0%
21_6,01-09-2020,389,1957570,0,0,-1957570,1957570,0%
20_1,01-04-2020,90,2004050,0,0,-2004050,2004050,0%
19_2,01-09-2020,283,2307720,0,0,-2307720,2307720,0%
14_4,01-04-2020,316,2317359,0,0,-2317359,2317359,0%
17_2,01-04-2020,115,2450622,0,0,-2450622,2450622,0%
14_3,01-09-2020,598,2473585,0,0,-2473585,2473585,0%
21_2,01-09-2020,279,2818601,0,0,-2818601,2818601,0%
14_3,01-04-2020,351,2980350,0,0,-2980350,2980350,0%
19_4,01-09-2019,280,3056614,0,0,-3056614,3056614,0%
19_1,01-09-2020,210,3107344,0,0,-3107344,3107344,0%
14_5,01-09-2020,574,3192380,0,0,-3192380,3192380,0%
14_2,01-09-2020,350,3198273,0,0,-3198273,3198273,0%
23_1,01-04-2020,195,3249291,0,0,-3249291,3249291,0%
23_2,01-04-2020,188,3293465,0,0,-3293465,3293465,0%
19_4,01-11-2019,318,3510685,0,0,-3510685,3510685,0%
20_3,01-09-2020,410,3532090,0,0,-3532090,3532090,0%
17_1,01-09-2020,377,3690710,0,0,-3690710,3690710,0%
21_5,01-09-2020,284,3757007,0,0,-3757007,3757007,0%
19_4,01-03-2020,414,3788075,0,0,-3788075,3788075,0%
19_4,01-10-2019,239,3877226,0,0,-3877226,3877226,0%
19_4,01-01-2020,464,3913935,0,0,-3913935,3913935,0%
15_3,01-09-2020,388,3980640,0,0,-3980640,3980640,0%
19_4,01-05-2020,467,4000670,0,0,-4000670,4000670,0%
19_4,01-08-2020,323,4543905,0,0,-4543905,4543905,0%
19_4,01-02-2020,441,4551190,0,0,-4551190,4551190,0%
22_2,01-09-2020,412,4692187,0,0,-4692187,4692187,0%
18_2,01-09-2020,870,4818945,0,0,-4818945,4818945,0%
19_4,01-05-2019,414,4902685,0,0,-4902685,4902685,0%
21_3,01-09-2020,476,4925129,0,0,-4925129,4925129,0%
21_6,01-05-2020,477,4936481,0,0,-4936481,4936481,0%
19_4,01-12-2019,390,5178860,0,0,-5178860,5178860,0%
21_6,01-08-2020,554,5236969,0,0,-5236969,5236969,0%
19_4,01-08-2019,387,5255110,0,0,-5255110,5255110,0%
19_4,01-07-2019,504,5472687,0,0,-5472687,5472687,0%
14_1,01-09-2020,545,5525051,0,0,-5525051,5525051,0%
19_4,01-07-2020,606,5562265,0,0,-5562265,5562265,0%
21_6,01-10-2019,692,5598122,0,0,-5598122,5598122,0%
19_4,01-06-2019,520,5626095,0,0,-5626095,5626095,0%
21_6,01-04-2019,563,5688052,0,0,-5688052,5688052,0%
20_4,01-09-2020,442,5707537,0,0,-5707537,5707537,0%
17_3,01-09-2020,940,5839828,0,0,-5839828,5839828,0%
21_6,01-01-2020,624,5881707,0,0,-5881707,5881707,0%
21_6,01-05-2019,616,6059339,0,0,-6059339,6059339,0%
20_2,01-09-2020,739,6131140,0,0,-6131140,6131140,0%
21_6,01-03-2020,596,6225967,0,0,-6225967,6225967,0%
21_6,01-12-2019,747,6376463,0,0,-6376463,6376463,0%
21_6,01-09-2019,754,6473599,0,0,-6473599,6473599,0%
21_6,01-02-2020,654,6504433,0,0,-6504433,6504433,0%
21_6,01-06-2019,721,6553495,0,0,-6553495,6553495,0%
19_4,01-06-2020,686,6728775,0,0,-6728775,6728775,0%
14_2,01-05-2020,934,6993685,0,0,-6993685,6993685,0%
22_2,01-05-2020,310,7120075,0,0,-7120075,7120075,0%
14_1,01-04-2020,422,7340232,0,0,-7340232,7340232,0%
14_5,01-05-2020,943,7499276,0,0,-7499276,7499276,0%
21_6,01-08-2019,816,7554861,0,0,-7554861,7554861,0%
21_6,01-11-2019,862,7577874,0,0,-7577874,7577874,0%
19_3,01-09-2020,323,7613005,0,0,-7613005,7613005,0%
19_4,01-04-2019,585,8302945,0,0,-8302945,8302945,0%
21_6,01-07-2020,1014,8359419,0,0,-8359419,8359419,0%
23_2,01-09-2020,738,8754881,0,0,-8754881,8754881,0%
21_1,01-04-2020,308,8877215,0,0,-8877215,8877215,0%
21_6,01-07-2019,1022,9855642,0,0,-9855642,9855642,0%
14_5,01-08-2020,1843,9868395,0,0,-9868395,9868395,0%
19_2,01-05-2020,966,10058350,0,0,-10058350,10058350,0%
21_6,01-06-2020,1203,10071357,0,0,-10071357,10071357,0%
22_2,01-08-2020,505,10083170,0,0,-10083170,10083170,0%
19_1,01-10-2019,881,10277285,0,0,-10277285,10277285,0%
21_2,01-04-2019,947,10639865,0,0,-10639865,10639865,0%
14_5,01-01-2020,1512,10865635,0,0,-10865635,10865635,0%
14_4,01-05-2020,1741,10955503,0,0,-10955503,10955503,0%
15_3,01-05-2020,1202,11190357,0,0,-11190357,11190357,0%
19_1,01-05-2020,858,11400504,0,0,-11400504,11400504,0%
21_2,01-10-2019,1011,11442985,0,0,-11442985,11442985,0%
19_1,01-06-2019,824,11443194,0,0,-11443194,11443194,0%
22_2,01-11-2019,510,11605895,0,0,-11605895,11605895,0%
21_2,01-05-2020,871,11619406,0,0,-11619406,11619406,0%
14_5,01-05-2019,1615,11855661,0,0,-11855661,11855661,0%
14_5,01-10-2019,1595,11858788,0,0,-11858788,11858788,0%
22_2,01-09-2019,611,11952990,0,0,-11952990,11952990,0%
21_5,01-05-2020,1150,12109639,0,0,-12109639,12109639,0%
22_2,01-07-2020,1050,12263135,0,0,-12263135,12263135,0%
22_2,01-01-2020,464,12467121,0,0,-12467121,12467121,0%
22_2,01-12-2019,557,12473935,0,0,-12473935,12473935,0%
22_2,01-04-2019,542,12610700,0,0,-12610700,12610700,0%
14_5,01-08-2019,1826,12672060,0,0,-12672060,12672060,0%
19_1,01-04-2019,1043,12672655,0,0,-12672655,12672655,0%
22_2,01-10-2019,712,12677945,0,0,-12677945,12677945,0%
14_5,01-06-2019,1701,12770293,0,0,-12770293,12770293,0%
22_2,01-05-2019,782,12779175,0,0,-12779175,12779175,0%
18_1,01-09-2020,1398,12833431,0,0,-12833431,12833431,0%
21_5,01-03-2020,1061,12860578,0,0,-12860578,12860578,0%
14_2,01-09-2019,1968,12895743,0,0,-12895743,12895743,0%
14_5,01-11-2019,1495,12984080,0,0,-12984080,12984080,0%
14_2,01-03-2020,1928,12996208,0,0,-12996208,12996208,0%
22_2,01-06-2019,705,13006275,0,0,-13006275,13006275,0%
14_5,01-03-2020,1839,13097423,0,0,-13097423,13097423,0%
22_2,01-07-2019,708,13359678,0,0,-13359678,13359678,0%
21_2,01-08-2020,1135,13378751,0,0,-13378751,13378751,0%
14_2,01-12-2019,2027,13401500,0,0,-13401500,13401500,0%
22_2,01-02-2020,586,13411321,0,0,-13411321,13411321,0%
14_5,01-06-2020,1880,13632959,0,0,-13632959,13632959,0%
21_2,01-01-2020,1049,13700735,0,0,-13700735,13700735,0%
23_1,01-09-2020,1281,13842466,0,0,-13842466,13842466,0%
14_2,01-11-2019,1854,13905589,0,0,-13905589,13905589,0%
14_5,01-12-2019,1826,13948618,0,0,-13948618,13948618,0%
14_5,01-04-2019,2091,13948976,0,0,-13948976,13948976,0%
14_5,01-09-2019,1778,14008668,0,0,-14008668,14008668,0%
21_5,01-08-2020,1368,14192658,0,0,-14192658,14192658,0%
19_1,01-11-2019,900,14256963,0,0,-14256963,14256963,0%
14_4,01-07-2020,2421,14314199,0,0,-14314199,14314199,0%
19_1,01-03-2020,1105,14473096,0,0,-14473096,14473096,0%
19_2,01-11-2019,1342,14521330,0,0,-14521330,14521330,0%
19_1,01-01-2020,950,14521521,0,0,-14521521,14521521,0%
21_2,01-06-2019,1276,14677798,0,0,-14677798,14677798,0%
17_1,01-08-2020,1743,14686219,0,0,-14686219,14686219,0%
20_3,01-05-2020,1425,14700340,0,0,-14700340,14700340,0%
23_3,01-09-2020,734,14760342,0,0,-14760342,14760342,0%
14_3,01-05-2020,2547,14824532,0,0,-14824532,14824532,0%
21_2,01-09-2019,1171,14836623,0,0,-14836623,14836623,0%
19_1,01-08-2019,1124,14955291,0,0,-14955291,14955291,0%
22_2,01-08-2019,833,15008087,0,0,-15008087,15008087,0%
21_2,01-05-2019,1230,15030867,0,0,-15030867,15030867,0%
19_2,01-01-2020,1319,15156989,0,0,-15156989,15156989,0%
19_1,01-05-2019,1092,15177385,0,0,-15177385,15177385,0%
14_5,01-02-2020,2130,15190030,0,0,-15190030,15190030,0%
19_2,01-08-2019,1523,15199278,0,0,-15199278,15199278,0%
21_5,01-10-2019,1224,15367793,0,0,-15367793,15367793,0%
21_5,01-01-2020,1197,15373698,0,0,-15373698,15373698,0%
21_2,01-11-2019,974,15390223,0,0,-15390223,15390223,0%
19_2,01-08-2020,1642,15773984,0,0,-15773984,15773984,0%
19_1,01-09-2019,801,15818167,0,0,-15818167,15818167,0%
14_2,01-10-2019,1909,15821250,0,0,-15821250,15821250,0%
21_5,01-09-2019,1467,15868051,0,0,-15868051,15868051,0%
21_5,01-04-2019,1089,15915285,0,0,-15915285,15915285,0%
19_1,01-08-2020,1050,15949571,0,0,-15949571,15949571,0%
19_2,01-09-2019,1675,15998743,0,0,-15998743,15998743,0%
14_4,01-01-2020,2003,16030048,0,0,-16030048,16030048,0%
19_2,01-10-2019,1596,16085446,0,0,-16085446,16085446,0%
14_4,01-10-2019,2576,16297175,0,0,-16297175,16297175,0%
21_2,01-02-2020,1139,16367430,0,0,-16367430,16367430,0%
21_5,01-11-2019,1197,16466357,0,0,-16466357,16466357,0%
14_5,01-07-2019,2187,16498551,0,0,-16498551,16498551,0%
20_1,01-09-2020,839,16567580,0,0,-16567580,16567580,0%
16_1,01-04-2020,89,16746877,0,0,-16746877,16746877,0%
17_1,01-05-2020,1764,16799076,0,0,-16799076,16799076,0%
19_3,01-05-2020,986,16969358,0,0,-16969358,16969358,0%
19_2,01-03-2020,1591,16975713,0,0,-16975713,16975713,0%
14_2,01-04-2019,2074,17019180,0,0,-17019180,17019180,0%
21_2,01-03-2020,1122,17066492,0,0,-17066492,17066492,0%
14_5,01-07-2020,2482,17181168,0,0,-17181168,17181168,0%
14_4,01-09-2019,2624,17206310,0,0,-17206310,17206310,0%
14_4,01-08-2020,2953,17381103,0,0,-17381103,17381103,0%
19_1,01-07-2020,1519,17391525,0,0,-17391525,17391525,0%
20_3,01-08-2020,2138,17423399,0,0,-17423399,17423399,0%
14_2,01-07-2020,2691,17486266,0,0,-17486266,17486266,0%
14_2,01-08-2020,2045,17556449,0,0,-17556449,17556449,0%
14_2,01-01-2020,1921,17614714,0,0,-17614714,17614714,0%
14_4,01-06-2019,2527,17696126,0,0,-17696126,17696126,0%
19_1,01-12-2019,1173,17703534,0,0,-17703534,17703534,0%
19_1,01-07-2019,1186,17853370,0,0,-17853370,17853370,0%
14_2,01-02-2020,2098,17880967,0,0,-17880967,17880967,0%
21_2,01-07-2019,1451,17966223,0,0,-17966223,17966223,0%
21_3,01-05-2020,1642,18028360,0,0,-18028360,18028360,0%
14_4,01-03-2020,2157,18193770,0,0,-18193770,18193770,0%
18_2,01-05-2020,2778,18287063,0,0,-18287063,18287063,0%
21_5,01-06-2019,1392,18292822,0,0,-18292822,18292822,0%
14_3,01-01-2020,2730,18293182,0,0,-18293182,18293182,0%
21_2,01-08-2019,1332,18341690,0,0,-18341690,18341690,0%
22_1,01-09-2020,1233,18346350,0,0,-18346350,18346350,0%
20_3,01-03-2020,2068,18392715,0,0,-18392715,18392715,0%
14_2,01-06-2020,2794,18409579,0,0,-18409579,18409579,0%
14_4,01-11-2019,2321,18429221,0,0,-18429221,18429221,0%
14_2,01-08-2019,2519,18515918,0,0,-18515918,18515918,0%
15_3,01-07-2020,2065,18569435,0,0,-18569435,18569435,0%
19_1,01-02-2020,1473,18929772,0,0,-18929772,18929772,0%
19_2,01-04-2019,1767,18940764,0,0,-18940764,18940764,0%
17_1,01-03-2020,2078,19040663,0,0,-19040663,19040663,0%
14_4,01-04-2019,2355,19227636,0,0,-19227636,19227636,0%
20_3,01-07-2020,2264,19409973,0,0,-19409973,19409973,0%
21_2,01-07-2020,1553,19450450,0,0,-19450450,19450450,0%
21_5,01-05-2019,1468,19541233,0,0,-19541233,19541233,0%
21_5,01-07-2019,1858,19590782,0,0,-19590782,19590782,0%
21_5,01-08-2019,1648,19611924,0,0,-19611924,19611924,0%
20_2,01-08-2020,1678,19612368,0,0,-19612368,19612368,0%
18_2,01-08-2020,2645,19678104,0,0,-19678104,19678104,0%
19_2,01-07-2020,2401,19753266,0,0,-19753266,19753266,0%
20_3,01-01-2020,1917,19918125,0,0,-19918125,19918125,0%
20_3,01-11-2019,1968,19924292,0,0,-19924292,19924292,0%
19_2,01-12-2019,1762,19964775,0,0,-19964775,19964775,0%
19_1,01-06-2020,1655,19995210,0,0,-19995210,19995210,0%
14_3,01-08-2020,3523,20052643,0,0,-20052643,20052643,0%
14_4,01-05-2019,2809,20217773,0,0,-20217773,20217773,0%
19_2,01-02-2020,1961,20439919,0,0,-20439919,20439919,0%
15_3,01-08-2020,2101,20456003,0,0,-20456003,20456003,0%
21_2,01-06-2020,1668,20612845,0,0,-20612845,20612845,0%
21_3,01-08-2020,1943,20663415,0,0,-20663415,20663415,0%
14_4,01-06-2020,3460,20685876,0,0,-20685876,20685876,0%
19_2,01-05-2019,1788,20714061,0,0,-20714061,20714061,0%
20_3,01-10-2019,2155,20876708,0,0,-20876708,20876708,0%
19_2,01-06-2019,1860,20888875,0,0,-20888875,20888875,0%
14_4,01-12-2019,2495,20932006,0,0,-20932006,20932006,0%
21_2,01-12-2019,1252,20965877,0,0,-20965877,20965877,0%
22_2,01-03-2020,478,21113825,0,0,-21113825,21113825,0%
22_2,01-06-2020,1158,21166606,0,0,-21166606,21166606,0%
18_2,01-10-2019,2548,21200384,0,0,-21200384,21200384,0%
14_2,01-05-2019,2392,21224914,0,0,-21224914,21224914,0%
20_3,01-12-2019,2261,21228175,0,0,-21228175,21228175,0%
21_5,01-02-2020,1626,21233617,0,0,-21233617,21233617,0%
15_3,01-06-2020,2492,21296590,0,0,-21296590,21296590,0%
14_4,01-02-2020,2762,21330798,0,0,-21330798,21330798,0%
18_2,01-01-2020,3256,21360534,0,0,-21360534,21360534,0%
21_3,01-03-2020,2047,21392237,0,0,-21392237,21392237,0%
14_3,01-03-2020,3065,21452512,0,0,-21452512,21452512,0%
20_3,01-09-2019,2409,21464218,0,0,-21464218,21464218,0%
14_3,01-02-2020,3243,21676692,0,0,-21676692,21676692,0%
20_2,01-05-2020,1557,21758258,0,0,-21758258,21758258,0%
21_5,01-07-2020,2127,21774457,0,0,-21774457,21774457,0%
14_3,01-04-2019,2726,21804047,0,0,-21804047,21804047,0%
15_3,01-03-2020,1988,21851696,0,0,-21851696,21851696,0%
14_3,01-07-2020,4192,21883871,0,0,-21883871,21883871,0%
15_3,01-09-2019,2078,21904010,0,0,-21904010,21904010,0%
14_2,01-07-2019,3068,22574155,0,0,-22574155,22574155,0%
20_3,01-08-2019,2493,22575950,0,0,-22575950,22575950,0%
14_4,01-08-2019,3091,22700059,0,0,-22700059,22700059,0%
19_3,01-11-2019,1563,22840845,0,0,-22840845,22840845,0%
19_2,01-07-2019,2127,22890600,0,0,-22890600,22890600,0%
14_3,01-11-2019,2774,22911353,0,0,-22911353,22911353,0%
14_4,01-07-2019,3460,22968808,0,0,-22968808,22968808,0%
19_3,01-01-2020,1514,23052140,0,0,-23052140,23052140,0%
15_3,01-01-2020,1878,23127713,0,0,-23127713,23127713,0%
15_3,01-11-2019,1991,23161905,0,0,-23161905,23161905,0%
21_5,01-12-2019,1595,23309028,0,0,-23309028,23309028,0%
20_3,01-04-2019,2116,23674170,0,0,-23674170,23674170,0%
20_3,01-06-2020,2484,23699624,0,0,-23699624,23699624,0%
20_3,01-05-2019,2097,23745502,0,0,-23745502,23745502,0%
19_3,01-09-2019,1632,23754440,0,0,-23754440,23754440,0%
21_1,01-09-2020,895,23888325,0,0,-23888325,23888325,0%
17_1,01-06-2020,3071,23888811,0,0,-23888811,23888811,0%
14_3,01-10-2019,2965,23957219,0,0,-23957219,23957219,0%
19_2,01-06-2020,2350,23977844,0,0,-23977844,23977844,0%
20_4,01-09-2019,1574,24092340,0,0,-24092340,24092340,0%
20_4,01-08-2020,1587,24123858,0,0,-24123858,24123858,0%
14_3,01-09-2019,3449,24156093,0,0,-24156093,24156093,0%
18_2,01-12-2019,3231,24296657,0,0,-24296657,24296657,0%
14_2,01-06-2019,1753,24300464,0,0,-24300464,24300464,0%
19_3,01-08-2020,1541,24322890,0,0,-24322890,24322890,0%
19_3,01-04-2019,1620,24326193,0,0,-24326193,24326193,0%
18_2,01-08-2019,2710,24438466,0,0,-24438466,24438466,0%
20_2,01-10-2019,2180,24713520,0,0,-24713520,24713520,0%
21_3,01-06-2020,2669,24731636,0,0,-24731636,24731636,0%
18_2,01-07-2020,3520,24758355,0,0,-24758355,24758355,0%
20_4,01-11-2019,1733,24768431,0,0,-24768431,24768431,0%
21_3,01-07-2020,2626,24846073,0,0,-24846073,24846073,0%
20_3,01-02-2020,2486,24879936,0,0,-24879936,24879936,0%
20_4,01-10-2019,2008,25252869,0,0,-25252869,25252869,0%
20_4,01-05-2020,1247,25274662,0,0,-25274662,25274662,0%
21_5,01-06-2020,2301,25384475,0,0,-25384475,25384475,0%
18_2,01-03-2020,2916,25385565,0,0,-25385565,25385565,0%
14_1,01-05-2020,2566,25446164,0,0,-25446164,25446164,0%
21_3,01-01-2020,2216,25500870,0,0,-25500870,25500870,0%
14_3,01-12-2019,3023,25540937,0,0,-25540937,25540937,0%
20_3,01-07-2019,2413,25639647,0,0,-25639647,25639647,0%
19_3,01-06-2020,2034,25828201,0,0,-25828201,25828201,0%
14_3,01-05-2019,3471,25935850,0,0,-25935850,25935850,0%
18_2,01-11-2019,2703,25998774,0,0,-25998774,25998774,0%
20_2,01-04-2019,1943,26031616,0,0,-26031616,26031616,0%
14_3,01-06-2020,4748,26260334,0,0,-26260334,26260334,0%
18_2,01-04-2019,2876,26367902,0,0,-26367902,26367902,0%
19_3,01-06-2019,1994,26534317,0,0,-26534317,26534317,0%
15_3,01-04-2019,2259,26570227,0,0,-26570227,26570227,0%
15_2,01-04-2020,155,26577040,0,0,-26577040,26577040,0%
20_2,01-03-2020,2014,26747225,0,0,-26747225,26747225,0%
19_3,01-10-2019,1635,26801116,0,0,-26801116,26801116,0%
20_2,01-09-2019,2478,26907074,0,0,-26907074,26907074,0%
18_2,01-05-2019,3352,26907600,0,0,-26907600,26907600,0%
15_3,01-05-2019,2347,26915352,0,0,-26915352,26915352,0%
20_2,01-01-2020,2205,26984780,0,0,-26984780,26984780,0%
20_3,01-06-2019,2388,27212704,0,0,-27212704,27212704,0%
17_3,01-05-2020,3107,27244759,0,0,-27244759,27244759,0%
17_3,01-08-2020,3122,27329996,0,0,-27329996,27329996,0%
17_1,01-07-2020,3219,27351650,0,0,-27351650,27351650,0%
20_4,01-05-2019,1554,27369396,0,0,-27369396,27369396,0%
20_4,01-04-2019,1384,27467135,0,0,-27467135,27467135,0%
17_1,01-10-2019,2309,27481586,0,0,-27481586,27481586,0%
20_2,01-11-2019,2020,27837785,0,0,-27837785,27837785,0%
14_3,01-08-2019,4164,28291631,0,0,-28291631,28291631,0%
14_3,01-07-2019,4185,28345301,0,0,-28345301,28345301,0%
20_4,01-03-2020,1734,28372288,0,0,-28372288,28372288,0%
21_3,01-10-2019,2302,28389435,0,0,-28389435,28389435,0%
19_3,01-07-2020,1974,28755915,0,0,-28755915,28755915,0%
18_2,01-09-2019,3078,28949349,0,0,-28949349,28949349,0%
20_4,01-12-2019,1941,29201390,0,0,-29201390,29201390,0%
14_3,01-06-2019,4267,29213266,0,0,-29213266,29213266,0%
20_2,01-05-2019,2312,29341793,0,0,-29341793,29341793,0%
15_3,01-06-2019,2072,29390216,0,0,-29390216,29390216,0%
17_1,01-11-2019,1755,29444560,0,0,-29444560,29444560,0%
17_1,01-09-2019,2251,29548372,0,0,-29548372,29548372,0%
19_3,01-03-2020,1525,29553726,0,0,-29553726,29553726,0%
15_3,01-10-2019,2061,29631359,0,0,-29631359,29631359,0%
18_2,01-06-2020,4260,30195941,0,0,-30195941,30195941,0%
19_3,01-08-2019,1715,30332822,0,0,-30332822,30332822,0%
21_3,01-09-2019,2452,30412836,0,0,-30412836,30412836,0%
17_1,01-04-2019,2205,30584778,0,0,-30584778,30584778,0%
15_3,01-02-2020,2594,30642558,0,0,-30642558,30642558,0%
21_3,01-04-2019,2372,30706161,0,0,-30706161,30706161,0%
15_3,01-12-2019,2359,30804967,0,0,-30804967,30804967,0%
21_3,01-12-2019,2604,31042865,0,0,-31042865,31042865,0%
15_3,01-07-2019,2635,31158113,0,0,-31158113,31158113,0%
20_4,01-01-2020,1528,31381830,0,0,-31381830,31381830,0%
20_2,01-07-2020,2287,31524458,0,0,-31524458,31524458,0%
20_4,01-08-2019,1842,31819721,0,0,-31819721,31819721,0%
17_1,01-08-2019,2569,31935569,0,0,-31935569,31935569,0%
20_2,01-08-2019,2497,32248561,0,0,-32248561,32248561,0%
19_3,01-12-2019,1812,32307331,0,0,-32307331,32307331,0%
21_3,01-02-2020,2751,32313940,0,0,-32313940,32313940,0%
20_2,01-06-2019,2672,32368172,0,0,-32368172,32368172,0%
19_3,01-02-2020,2173,32744775,0,0,-32744775,32744775,0%
18_2,01-07-2019,3835,32920357,0,0,-32920357,32920357,0%
19_3,01-07-2019,2434,33016334,0,0,-33016334,33016334,0%
20_2,01-12-2019,2681,33031207,0,0,-33031207,33031207,0%
20_4,01-06-2020,2041,33122565,0,0,-33122565,33122565,0%
19_3,01-05-2019,2260,33143566,0,0,-33143566,33143566,0%
17_3,01-03-2020,3711,33299677,0,0,-33299677,33299677,0%
18_2,01-02-2020,3789,33422107,0,0,-33422107,33422107,0%
15_3,01-08-2019,2197,33431499,0,0,-33431499,33431499,0%
17_1,01-02-2020,3079,33549684,0,0,-33549684,33549684,0%
20_4,01-06-2019,2053,33732651,0,0,-33732651,33732651,0%
20_4,01-07-2019,2236,34112815,0,0,-34112815,34112815,0%
18_2,01-06-2019,3595,34889349,0,0,-34889349,34889349,0%
21_3,01-06-2019,2766,34975070,0,0,-34975070,34975070,0%
21_3,01-08-2019,2920,35046121,0,0,-35046121,35046121,0%
20_2,01-07-2019,3106,35101355,0,0,-35101355,35101355,0%
20_4,01-02-2020,1972,35184230,0,0,-35184230,35184230,0%
20_2,01-02-2020,2720,35896456,0,0,-35896456,35896456,0%
17_3,01-06-2020,5158,36195705,0,0,-36195705,36195705,0%
20_2,01-06-2020,2861,37040260,0,0,-37040260,37040260,0%
23_2,01-08-2020,2927,37165592,0,0,-37165592,37165592,0%
17_3,01-11-2019,4666,38005955,0,0,-38005955,38005955,0%
17_1,01-12-2019,2598,38030142,0,0,-38030142,38030142,0%
21_3,01-05-2019,2968,38073544,0,0,-38073544,38073544,0%
21_3,01-07-2019,3210,38094533,0,0,-38094533,38094533,0%
17_1,01-07-2019,2909,38470965,0,0,-38470965,38470965,0%
17_3,01-01-2020,4755,38915554,0,0,-38915554,38915554,0%
15_1,01-04-2020,411,40548790,0,0,-40548790,40548790,0%
17_3,01-04-2019,4151,41508762,0,0,-41508762,41508762,0%
23_2,01-05-2020,2743,41541241,0,0,-41541241,41541241,0%
14_1,01-08-2020,2895,41587078,0,0,-41587078,41587078,0%
17_3,01-07-2020,5047,43355386,0,0,-43355386,43355386,0%
20_1,01-05-2020,2213,43473995,0,0,-43473995,43473995,0%
20_4,01-07-2020,2008,43776827,0,0,-43776827,43776827,0%
17_3,01-09-2019,5103,44403848,0,0,-44403848,44403848,0%
17_1,01-01-2020,2486,44629057,0,0,-44629057,44629057,0%
17_3,01-02-2020,5534,45706795,0,0,-45706795,45706795,0%
23_2,01-07-2020,4253,45734277,0,0,-45734277,45734277,0%
23_2,01-04-2019,2692,45800865,0,0,-45800865,45800865,0%
17_1,01-06-2019,2613,45801812,0,0,-45801812,45801812,0%
23_3,01-05-2020,3256,45967439,0,0,-45967439,45967439,0%
23_2,01-03-2020,3046,46034033,0,0,-46034033,46034033,0%
18_1,01-05-2020,3803,46347922,0,0,-46347922,46347922,0%
23_2,01-06-2019,3319,46934818,0,0,-46934818,46934818,0%
23_2,01-11-2019,2756,47478958,0,0,-47478958,47478958,0%
14_1,01-07-2020,3696,47677705,0,0,-47677705,47677705,0%
17_3,01-07-2019,5575,47714647,0,0,-47714647,47714647,0%
23_2,01-01-2020,3236,48049633,0,0,-48049633,48049633,0%
23_2,01-06-2020,4299,48314427,0,0,-48314427,48314427,0%
23_2,01-10-2019,2864,48430668,0,0,-48430668,48430668,0%
17_3,01-05-2019,4478,49926112,0,0,-49926112,49926112,0%
17_3,01-06-2019,5625,50053613,0,0,-50053613,50053613,0%
14_1,01-06-2019,3565,50331243,0,0,-50331243,50331243,0%
14_1,01-01-2020,3952,51248313,0,0,-51248313,51248313,0%
17_3,01-12-2019,5954,52786211,0,0,-52786211,52786211,0%
23_2,01-05-2019,3460,53073454,0,0,-53073454,53073454,0%
23_2,01-09-2019,3335,53229881,0,0,-53229881,53229881,0%
17_3,01-10-2019,5139,53915598,0,0,-53915598,53915598,0%
23_2,01-12-2019,3533,54070047,0,0,-54070047,54070047,0%
18_1,01-09-2019,4738,54820621,0,0,-54820621,54820621,0%
18_1,01-03-2020,4168,56216847,0,0,-56216847,56216847,0%
22_1,01-08-2020,5690,56367917,0,0,-56367917,56367917,0%
20_1,01-07-2020,3589,56763680,0,0,-56763680,56763680,0%
14_1,01-06-2020,4493,56964703,0,0,-56964703,56964703,0%
23_1,01-05-2020,5459,57559583,0,0,-57559583,57559583,0%
23_2,01-08-2019,4144,57763766,0,0,-57763766,57763766,0%
20_1,01-04-2019,2748,58308650,0,0,-58308650,58308650,0%
20_1,01-03-2020,3133,58938590,0,0,-58938590,58938590,0%
14_1,01-07-2019,5056,58994710,0,0,-58994710,58994710,0%
22_1,01-05-2020,3683,59134077,0,0,-59134077,59134077,0%
14_1,01 April 2019,4533,59236363,0,0,-59236363,59236363,0%
18_1,01-01-2020,5194,59314154,0,0,-59314154,59314154,0%
18_1,01-04-2019,4562,60415544,0,0,-60415544,60415544,0%
20_1,01-05-2019,3029,60448065,0,0,-60448065,60448065,0%
18_1,01-10-2019,4583,60778637,0,0,-60778637,60778637,0%
14_1,01-11-2019,4102,60830591,0,0,-60830591,60830591,0%
20_1,01-08-2020,3544,61381830,0,0,-61381830,61381830,0%
18_1,01-11-2019,4536,62130368,0,0,-62130368,62130368,0%
14_1,01-10-2019,4289,62143167,0,0,-62143167,62143167,0%
17_3,01-08-2019,5798,62277913,0,0,-62277913,62277913,0%
18_1,01-08-2019,5062,62483945,0,0,-62483945,62483945,0%
14_1,01-02-2020,4658,62577930,0,0,-62577930,62577930,0%
18_1,01-07-2020,4970,62997902,0,0,-62997902,62997902,0%
20_1,01-06-2019,3276,63248165,0,0,-63248165,63248165,0%
20_1,01-01-2020,3236,63524654,0,0,-63524654,63524654,0%
21_3,01-11-2019,2192,63537802,0,0,-63537802,63537802,0%
20_1,01-09-2019,3643,63594054,0,0,-63594054,63594054,0%
14_1,01-09-2019,4281,64062953,0,0,-64062953,64062953,0%
20_1,01-11-2019,3319,65404640,0,0,-65404640,65404640,0%
18_1,01-06-2020,5664,65634582,0,0,-65634582,65634582,0%
20_1,01-10-2019,3265,66449860,0,0,-66449860,66449860,0%
18_1,01-08-2020,5299,66790432,0,0,-66790432,66790432,0%
18_1,01-06-2019,5258,66957257,0,0,-66957257,66957257,0%
18_1,01-02-2020,5691,67972419,0,0,-67972419,67972419,0%
23_1,01-01-2020,5881,68267206,0,0,-68267206,68267206,0%
17_1,01-05-2019,2400,68953812,0,0,-68953812,68953812,0%
23_1,01-03-2020,5744,69051364,0,0,-69051364,69051364,0%
20_1,01-07-2019,3675,69644228,0,0,-69644228,69644228,0%
23_2,01-02-2020,4852,69919895,0,0,-69919895,69919895,0%
23_2,01-07-2019,4709,70377544,0,0,-70377544,70377544,0%
18_1,01-05-2019,5047,71038874,0,0,-71038874,71038874,0%
14_1,01-08-2019,4864,73289753,0,0,-73289753,73289753,0%
14_1,01-05-2019,4301,73344601,0,0,-73344601,73344601,0%
20_1,01-08-2019,3784,73473475,0,0,-73473475,73473475,0%
18_1,01-07-2019,5749,74149259,0,0,-74149259,74149259,0%
20_1,01-06-2020,4298,74922095,0,0,-74922095,74922095,0%
18_1,01-12-2019,5453,77453907,0,0,-77453907,77453907,0%
23_1,01-10-2019,6399,77880007,0,0,-77880007,77880007,0%
23_3,01-08-2020,4865,78393418,0,0,-78393418,78393418,0%
20_1,01-02-2020,3807,78637089,0,0,-78637089,78637089,0%
22_1,01-10-2019,4220,81248954,0,0,-81248954,81248954,0%
23_3,01-07-2020,6403,81409172,0,0,-81409172,81409172,0%
22_1,01-09-2019,4093,81625269,0,0,-81625269,81625269,0%
22_1,01-07-2020,7769,81707214,0,0,-81707214,81707214,0%
23_1,01-04-2019,6133,82593256,0,0,-82593256,82593256,0%
20_1,01-12-2019,4161,82730665,0,0,-82730665,82730665,0%
23_1,01-11-2019,5631,83622562,0,0,-83622562,83622562,0%
22_1,01-11-2019,4154,84400983,0,0,-84400983,84400983,0%
14_1,01-03-2020,3868,86288684,0,0,-86288684,86288684,0%
17_2,01-09-2020,1410,86920303,0,0,-86920303,86920303,0%
23_1,01-09-2019,7337,87408229,0,0,-87408229,87408229,0%
23_1,01-08-2019,7301,88276635,0,0,-88276635,88276635,0%
23_3,01-01-2020,6260,88354661,0,0,-88354661,88354661,0%
14_1,01-12-2019,4090,88675750,0,0,-88675750,88675750,0%
22_1,01-04-2019,4088,89082890,0,0,-89082890,89082890,0%
23_1,01-12-2019,6615,89382067,0,0,-89382067,89382067,0%
16_1,01-09-2020,743,89569247,0,0,-89569247,89569247,0%
23_1,01-05-2019,6592,90267315,0,0,-90267315,90267315,0%
22_1,01-03-2020,4598,91595270,0,0,-91595270,91595270,0%
23_3,01-03-2020,5699,93196149,0,0,-93196149,93196149,0%
23_1,01-06-2020,9957,93225717,0,0,-93225717,93225717,0%
22_1,01-05-2019,5095,93397223,0,0,-93397223,93397223,0%
22_1,01-01-2020,4999,93694535,0,0,-93694535,93694535,0%
22_1,01-08-2019,5246,96601052,0,0,-96601052,96601052,0%
22_1,01-07-2019,5472,98933054,0,0,-98933054,98933054,0%
22_1,01-06-2019,5049,99823253,0,0,-99823253,99823253,0%
22_1,01-06-2020,6145,100011083,0,0,-100011083,100011083,0%
21_1,01-08-2020,3586,100402366,0,0,-100402366,100402366,0%
23_3,01-06-2020,6348,100788159,0,0,-100788159,100788159,0%
23_3,01-11-2019,7154,101753131,0,0,-101753131,101753131,0%
17_2,01-05-2020,4114,102895138,0,0,-102895138,102895138,0%
23_1,01-02-2020,8209,103263040,0,0,-103263040,103263040,0%
21_1,01-05-2020,3197,103593555,0,0,-103593555,103593555,0%
22_1,01-12-2019,5220,103834902,0,0,-103834902,103834902,0%
23_1,01-06-2019,7146,104282218,0,0,-104282218,104282218,0%
23_3,01-06-2019,9280,106077226,0,0,-106077226,106077226,0%
23_1,01-08-2020,5610,106279664,0,0,-106279664,106279664,0%
23_3,01-08-2019,7865,113198332,0,0,-113198332,113198332,0%
23_3,01-04-2019,7413,113680902,0,0,-113680902,113680902,0%
22_1,01-02-2020,6101,113983602,0,0,-113983602,113983602,0%
23_3,01-02-2020,7896,114481607,0,0,-114481607,114481607,0%
23_1,01-07-2019,8928,115173858,0,0,-115173858,115173858,0%
21_1,01-03-2020,4506,116917458,0,0,-116917458,116917458,0%
23_3,01-12-2019,8624,119971816,0,0,-119971816,119971816,0%
21_1,01-04-2019,4186,120047007,0,0,-120047007,120047007,0%
23_3,01-10-2019,8233,120542910,0,0,-120542910,120542910,0%
23_3,01-07-2019,9448,134999011,0,0,-134999011,134999011,0%
21_1,01-09-2019,4960,135703564,0,0,-135703564,135703564,0%
21_1,01-08-2019,4997,135863416,0,0,-135863416,135863416,0%
21_1,01-06-2020,5563,136723925,0,0,-136723925,136723925,0%
21_1,01-11-2019,4876,137448091,0,0,-137448091,137448091,0%
21_1,01-07-2020,4673,140883295,0,0,-140883295,140883295,0%
21_1,01-06-2019,4541,141468882,0,0,-141468882,141468882,0%
21_1,01-10-2019,4847,143239985,0,0,-143239985,143239985,0%
21_1,01-05-2019,5395,151385340,0,0,-151385340,151385340,0%
23_3,01-09-2019,10060,151915060,0,0,-151915060,151915060,0%
21_1,01-07-2019,5892,152570326,0,0,-152570326,152570326,0%
15_2,01-09-2020,1492,159247135,0,0,-159247135,159247135,0%
23_3,01-05-2019,8787,161615746,0,0,-161615746,161615746,0%
21_1,01-01-2020,5252,163242605,0,0,-163242605,163242605,0%
21_1,01-12-2019,5440,163289204,0,0,-163289204,163289204,0%
21_1,01-02-2020,5856,177104500,0,0,-177104500,177104500,0%
16_1,01-05-2020,1467,195808943,0,0,-195808943,195808943,0%
23_1,01-07-2020,8091,200034404,0,0,-200034404,200034404,0%
17_2,01-06-2020,7891,231403341,0,0,-231403341,231403341,0%
17_2,01-07-2020,7812,267403842,0,0,-267403842,267403842,0%
17_2,01-08-2020,6556,271109530,0,0,-271109530,271109530,0%
17_2,01-01-2020,7369,280243584,0,0,-280243584,280243584,0%
17_2,01-10-2019,7535,322031312,0,0,-322031312,322031312,0%
17_2,01-11-2019,7917,326206436,0,0,-326206436,326206436,0%
15_2,01-05-2020,5297,364890605,0,0,-364890605,364890605,0%
15_1,01-09-2020,3140,378347267,0,0,-378347267,378347267,0%
17_2,01-12-2019,8615,384598579,0,0,-384598579,384598579,0%
17_2,01-06-2019,8251,388914751,0,0,-388914751,388914751,0%
17_2,01-03-2020,7382,389937640,0,0,-389937640,389937640,0%
17_2,01-02-2020,9486,404209098,0,0,-404209098,404209098,0%
17_2,01-07-2019,10308,406370671,0,0,-406370671,406370671,0%
17_2,01-08-2019,9685,413909852,0,0,-413909852,413909852,0%
17_2,01-04-2019,8316,418960714,0,0,-418960714,418960714,0%
17_2,01-05-2019,8494,425344246,0,0,-425344246,425344246,0%
17_2,01-09-2019,8096,436896437,0,0,-436896437,436896437,0%
16_1,01-07-2020,3586,444890171,0,0,-444890171,444890171,0%
16_1,01-09-2019,3910,447847595,0,0,-447847595,447847595,0%
16_1,01-08-2020,3380,448254114,0,0,-448254114,448254114,0%
16_1,01-06-2020,3736,474294053,0,0,-474294053,474294053,0%
16_1,01-10-2019,4603,612956204,0,0,-612956204,612956204,0%
16_1,01-03-2020,4552,639551082,0,0,-639551082,639551082,0%
16_1,01-07-2019,5573,658623385,0,0,-658623385,658623385,0%
16_1,01-01-2020,5293,658828489,0,0,-658828489,658828489,0%
15_1,01-05-2020,8235,696376142,0,0,-696376142,696376142,0%
16_1,01-04-2019,5268,724238098,0,0,-724238098,724238098,0%
16_1,01-02-2020,6187,738070176,0,0,-738070176,738070176,0%
16_1,01-06-2019,5015,746210249,0,0,-746210249,746210249,0%
15_2,01-08-2020,8852,748218717,0,0,-748218717,748218717,0%
16_1,01-12-2019,6061,752855272,0,0,-752855272,752855272,0%
16_1,01-05-2019,5210,754708131,0,0,-754708131,754708131,0%
16_1,01-11-2019,5071,768221659,0,0,-768221659,768221659,0%
15_2,01-07-2020,8779,779130964,0,0,-779130964,779130964,0%
15_2,01-06-2020,9528,795974924,0,0,-795974924,795974924,0%
16_1,01-08-2019,5956,797295938,0,0,-797295938,797295938,0%
15_2,01-03-2020,11009,827350110,0,0,-827350110,827350110,0%
15_2,01-01-2020,11954,935715174,0,0,-935715174,935715174,0%
15_2,01-06-2019,11808,942570587,0,0,-942570587,942570587,0%
15_2,01-10-2019,12870,960760982,0,0,-960760982,960760982,0%
15_2,01-09-2019,12399,1009699757,0,0,-1009699757,1009699757,0%
15_2,01-07-2019,14497,1017656366,0,0,-1017656366,1017656366,0%
15_2,01-04-2019,14140,1080766807,0,0,-1080766807,1080766807,0%
15_2,01-11-2019,13243,1086466648,0,0,-1086466648,1086466648,0%
15_2,01-08-2019,14718,1122098095,0,0,-1122098095,1122098095,0%
15_1,01-07-2020,15985,1145364702,0,0,-1145364702,1145364702,0%
15_2,01-12-2019,14416,1156263714,0,0,-1156263714,1156263714,0%
15_2,01-02-2020,14898,1172865763,0,0,-1172865763,1172865763,0%
15_2,01-05-2019,16036,1231074513,0,0,-1231074513,1231074513,0%
15_1,01-06-2020,17301,1340168790,0,0,-1340168790,1340168790,0%
15_1,01-08-2020,15826,1466457963,0,0,-1466457963,1466457963,0%
15_1,01-03-2020,19281,1634579400,0,0,-1634579400,1634579400,0%
15_1,01-07-2019,29063,1762830038,0,0,-1762830038,1762830038,0%
15_1,01-01-2020,22237,1805104882,0,0,-1805104882,1805104882,0%
15_1,01-10-2019,24410,1808694819,0,0,-1808694819,1808694819,0%
15_1,01-11-2019,24308,1900190527,0,0,-1900190527,1900190527,0%
15_1,01-09-2019,25274,1933407716,0,0,-1933407716,1933407716,0%
15_1,01-08-2019,27288,2010161113,0,0,-2010161113,2010161113,0%
15_1,01-04-2019,29436,2026355727,0,0,-2026355727,2026355727,0%
15_1,01-05-2019,31310,2027201202,0,0,-2027201202,2027201202,0%
15_1,01-12-2019,25924,2050739767,0,0,-2050739767,2050739767,0%
15_1,01-06-2019,24084,2089441609,0,0,-2089441609,2089441609,0%
15_1,01-02-2020,26299,2200943399,0,0,-2200943399,2200943399,0%
